0.0829215 0.00394313 0.00426538 0.000119192 0.869751 0.0204639 0.00379049 
0.0321356 0.00191624 0.000589462 0.96832 0.00038703 0.128433 0.0395691 
0.443124 0.0683072 0.000489784 5.67929e-09 0.000540965 1.20568e-06 0.000404823 
0.051352 0.00659098 0.00187647 0.000244827 0.910756 0.020323 0.00369311 
0.111771 0.00144873 0.000368874 5.68122e-06 4.82562e-06 1.12092e-05 0.145954 
0.0541302 0.01053 0.0195176 3.00741e-12 4.02789e-08 0.000177592 0.0837577 
0.713872 0.53402 7.76893e-05 4.61794e-09 1.85613e-15 6.57724e-06 0.000413319 
0.107163 0.694684 1.49124e-05 1.12445e-07 1.16537e-08 0.250647 3.58941e-06 
0.0339931 0.917893 0.00423397 6.12382e-16 6.314e-16 3.31942e-05 2.2301e-09 
0.00531661 0.00366919 0.0200332 0.216662 1.685e-05 0.000112867 0.000354437 
0.000775693 0.000117302 0.349778 0.592656 7.59606e-08 0.0003916 0.0270852 
0.022412 0.40485 0.000132597 0.000320699 5.27139e-11 0.781487 0.00353428 
0.0372424 0.00240988 0.00237423 0.000771863 0.0157468 0.107997 0.0391174 
0.0489155 0.000137537 0.000101237 9.79572e-07 0.0275988 7.91148e-06 0.269881 
0.000973563 0.0110531 0.0511018 0.00012184 1.12133e-10 0.00059395 0.00175312 
0.0136392 0.193005 0.00299866 0.000563717 6.92251e-11 0.66952 0.0156218 
0.00489515 0.00693594 0.00580562 0.00151503 1.87838e-12 0.000645147 0.997069 
0.0349629 0.00159869 0.0105622 0.00595927 0.0323702 0.149988 0.607346 
0.0715006 0.00714471 0.00195458 4.41906e-06 0.967435 0.0201503 0.00612328 
0.0137893 0.00237327 0.00373853 0.00421891 8.78171e-09 0.130365 0.312388 
0.0940985 0.00525934 4.07977e-05 0.00346214 2.30827e-07 0.541602 0.0247318 
0.0334052 0.042023 0.0687994 0.00011788 5.23188e-12 0.0483951 0.0366572 
0.701565 0.346302 9.11913e-08 6.93877e-12 4.24419e-10 0.0768383 0.000231178 
0.0707636 0.00565994 0.0110722 6.65854e-06 0.947724 0.0529375 0.00688526 
0.0517564 0.0057966 0.00240545 0.000123592 0.936636 0.0131725 0.00671932 
0.00126167 0.132965 0.00541506 0.06462 2.64665e-10 0.06256 0.0171438 
0.602333 0.413255 8.33094e-06 4.44231e-09 3.53613e-06 6.13946e-05 1.45268e-05 
0.846127 0.122014 0.000106889 2.95455e-10 5.94905e-06 5.68438e-06 8.83953e-05 
0.057506 0.00525944 0.00348689 0.000132305 0.923756 0.0163613 0.00583909 
0.00227039 0.000152248 0.227043 0.164348 0.000168528 0.00165207 0.0256378 
0.00490745 0.0114975 4.25299e-05 0.185744 2.3007e-08 0.251149 0.0499875 
0.00661204 0.000856197 0.0479784 0.539124 0.00214936 0.0112085 0.824497 
0.0245581 0.266712 0.17689 1.08626e-09 8.24706e-09 0.0685562 0.0013411 
0.0192464 0.0176442 0.00127471 0.000556813 0.901268 0.146051 0.00242918 
0.000277495 0.00044998 0.0751048 0.0300621 6.94004e-10 0.00140737 0.059804 
0.0517314 0.0057287 0.00258157 0.000116812 0.937505 0.013321 0.00701824 
0.0175776 0.0951638 0.00152879 3.62444e-06 2.00082e-16 0.000419905 0.00921832 
0.0244734 0.0107433 0.00768263 1.55531e-07 1.10393e-05 0.0811187 0.00528477 
0.000684342 0.0466597 0.0083824 0.977863 1.96835e-05 0.000479859 0.0811442 
0.00653471 0.0230249 0.0380078 2.62499e-09 1.27481e-08 9.8971e-05 0.9834 
0.99817 0.0705652 1.13814e-07 2.84168e-12 5.71251e-07 0.000395938 0.00127097 
0.0557059 0.265147 0.28737 2.15641e-10 4.63476e-05 0.195782 0.00192291 
4.31838e-05 0.0216756 0.175903 0.25332 2.4364e-12 0.00107649 0.000898355 
0.000340703 0.0280618 0.749018 0.00153462 2.49418e-10 0.00164337 0.757875 
0.395623 0.00143871 1.97784e-06 1.21712e-08 3.4808e-07 5.28828e-11 0.00983499 
0.000104066 0.00019439 0.989513 0.000248675 1.49264e-10 0.00615856 0.298918 
0.0103248 0.00359931 0.0201391 2.06676e-05 7.98126e-08 0.431681 0.690023 
9.30868e-05 0.015243 0.00962665 0.863911 8.86196e-12 6.19817e-05 0.000204892 
0.260763 0.777753 0.000157892 3.50803e-06 0.000207709 5.17094e-05 4.09452e-06 
0.0569442 0.00103131 0.00585135 0.0837644 0.02924 0.0668011 0.371486 
0.0192432 0.0119661 0.0115098 1.22163e-07 3.30316e-05 0.108003 0.00901854 
0.00114068 0.363177 0.0490164 0.00902292 1.00997e-15 0.00123223 2.91569e-06 
0.130627 0.00311904 0.00504194 0.000273289 0.809103 0.0174575 0.0015155 
0.0042136 0.0732967 0.00106257 1.87242e-06 0.000331318 0.909049 0.00290567 
0.0804658 0.0461753 3.47797e-05 7.97893e-05 0.00483871 0.000639476 0.182882 
0.137516 0.0135475 0.000101223 1.93839e-08 3.58484e-11 0.0568984 0.06818 
0.000536357 0.0047137 0.00679546 8.41804e-05 6.57545e-13 0.000425641 0.809233 
0.016202 0.00460099 0.000283164 0.628744 6.00626e-08 0.412782 0.0130676 
0.575688 0.131789 0.000427042 1.1805e-06 8.92588e-06 0.000510431 0.000375176 
0.00388007 0.0130441 0.139917 0.000497636 0.360159 0.295443 0.00468579 
0.285939 0.602071 2.69202e-06 4.51339e-15 2.16731e-12 0.00135459 3.09152e-09 
0.996928 0.13364 2.74324e-09 2.44077e-12 1.67582e-07 4.97005e-05 4.48807e-05 
0.000973563 0.0110531 0.0511018 0.00012184 1.12133e-10 0.00059395 0.00175312 
0.010364 0.00252914 0.00284993 0.00529656 6.57974e-08 0.0739702 0.527813 
0.0101017 0.0240438 1.09122e-05 0.0669816 0.00021623 0.76763 0.123042 
0.00183651 0.271042 0.0407735 0.00248299 2.36359e-11 0.879176 0.0283796 
3.46065e-05 0.00523113 0.891749 4.29386e-05 0.0361644 0.0179237 0.00260554 
0.000423511 0.0222231 0.0771742 4.37126e-06 2.92e-09 3.57526e-06 1.70093e-05 
0.00945937 0.00880405 3.8683e-05 0.0768313 2.6277e-09 3.35493e-08 6.75254e-05 
0.000128947 0.012713 0.00453852 2.15937e-05 2.58971e-07 0.00693601 7.79528e-05 
0.0014608 0.0111455 0.548748 4.23949e-08 2.37483e-06 0.0814498 0.139889 
0.0395031 0.00678532 0.00315551 8.27777e-05 0.950618 0.0182623 0.0102006 
0.00208637 0.0151433 0.00071574 0.032364 4.29635e-08 0.742571 0.221054 
0.00161762 0.00771061 0.0325209 0.00230916 3.88076e-08 0.000257516 0.0015185 
0.839208 0.305421 1.99309e-06 1.75408e-08 1.1747e-08 0.0291709 9.79662e-07 
0.054657 0.00827661 0.000415478 2.29882e-06 1.13905e-05 0.0106786 0.000874776 
0.0121966 0.0271742 0.00092033 0.000718554 0.907891 0.258574 0.00228338 
0.0690038 0.00603669 0.0130963 3.3993e-06 0.955608 0.0658682 0.0078383 
0.0785696 0.00445229 0.00410662 0.000165634 0.888381 0.0191117 0.0033024 
0.440372 0.177821 0.000749635 1.00716e-06 0.0134416 0.0216819 6.28911e-05 
0.958656 0.0833065 0.00017072 4.05441e-08 4.98891e-06 0.018342 4.7268e-05 
0.00200254 0.0560276 0.789346 3.54248e-05 0.0399001 0.000334545 0.0164395 
0.000973563 0.0110531 0.0511018 0.00012184 1.12133e-10 0.00059395 0.00175312 
0.0301883 0.000766267 0.00941827 0.839684 0.00368891 0.0278261 0.257481 
0.907261 0.255172 4.22169e-05 1.59528e-08 0.0943294 0.211919 5.81281e-06 
0.680098 0.235287 5.85301e-05 5.13784e-12 8.41479e-05 7.85073e-05 0.000100319 
0.0563562 0.00508003 0.00445766 3.44832e-05 0.315413 0.0265485 0.00499029 
0.000367812 9.57398e-05 0.0128761 0.0521791 1.78593e-12 0.000765842 0.982294 
0.0155016 0.0091411 0.131565 7.57068e-06 4.60525e-13 0.0112547 0.000198968 
0.0846064 0.00388196 0.0041798 0.00013535 0.895785 0.0197525 0.0037671 
0.074148 0.863044 2.5988e-05 2.89164e-06 0.00536181 0.0265065 0.00350898 
0.000666235 0.0529973 0.0375246 0.498271 2.65913e-05 0.00162164 0.153991 
0.0173249 0.00181627 0.00555468 0.241918 0.0015784 0.110214 0.368194 
0.00551967 0.00912949 0.147514 1.80979e-07 2.30603e-05 0.0645619 0.0387018 
0.0825736 0.00503964 0.0107308 1.24082e-05 0.928186 0.0504414 0.00471968 
0.00123881 0.000161098 0.066452 0.5696 3.59423e-08 0.000448681 0.0137338 
0.0107206 0.00370609 0.00198847 0.0275284 2.02642e-08 0.312002 0.144659 
0.0179125 0.100101 0.00113857 0.000122139 0.116144 6.71449e-05 0.000716612 
0.00123125 0.00253076 0.204874 0.0113352 5.51934e-09 0.186844 0.741094 
0.0163084 0.0176742 0.00143276 0.000245579 0.940907 0.103038 0.00536175 
0.731765 0.925976 1.41371e-07 4.05997e-08 8.38146e-15 0.000368974 1.56036e-05 
0.0771348 0.00472734 0.00644136 4.35464e-05 0.918268 0.0271634 0.00464521 
0.412407 0.470948 9.26897e-07 3.89125e-08 0.00298411 6.92591e-05 2.10885e-05 
0.000171708 0.00123146 0.0228246 0.570445 2.30069e-10 0.0261223 0.00358045 
0.0446423 0.00646448 0.0030986 0.000117212 0.936674 0.0202459 0.00715488 
0.0773695 0.000639924 0.00134828 0.904496 0.00328369 0.0126153 0.137038 
0.8193 0.624063 2.42618e-05 3.73295e-11 5.56346e-15 7.63242e-06 0.000278471 
0.327414 0.312376 0.000129996 5.86497e-08 0.0024982 0.0152211 3.06087e-06 
0.99623 0.288167 1.18055e-08 2.03604e-12 3.27535e-11 3.72602e-05 2.38092e-07 
0.000376709 0.00244601 0.243232 3.26944e-07 1.24507e-07 0.00180578 0.000886857 
0.176793 0.0240849 9.75278e-05 0.999319 0.000100451 0.0191445 0.0051544 
0.0829554 0.00694422 9.83009e-05 0.000452549 2.43935e-06 0.797791 0.0436988 
1.67504e-05 0.00130134 0.90385 0.0482942 1.38793e-06 0.0565663 0.249848 
0.863186 0.7115 1.65001e-06 1.79397e-06 4.08825e-10 2.23304e-05 1.18788e-05 
0.00651518 0.00833272 0.000160111 0.259913 1.1945e-08 0.408169 0.0360337 
0.0002366 0.0604553 0.014258 0.0032837 3.17309e-06 4.1442e-05 2.06127e-06 
0.0152791 0.00353854 0.000250208 0.140519 1.32153e-08 0.107284 0.0530336 
0.00409001 0.00172869 0.0165466 0.995958 0.00047982 0.0901673 0.136729 
0.00272989 0.00112263 0.124817 0.120075 2.23587e-05 0.0170831 0.904998 
0.0285328 0.00169027 0.0314943 4.05953e-11 1.64702e-06 0.0197203 0.997835 
0.0490766 0.00441499 0.000300411 0.00014867 4.75055e-07 0.370824 0.23382 
0.951205 0.0298196 3.36832e-05 2.1738e-10 4.51758e-05 0.010324 0.0646501 
0.0747678 0.00512267 0.00794776 1.88542e-05 0.93295 0.0359479 0.00546113 
1.12605e-05 0.0118546 0.98199 2.2904e-08 1.52208e-07 0.191923 0.00457331 
0.00340759 0.0101121 0.0026405 0.00177303 7.90611e-08 0.711857 0.388023 
0.0406435 0.00125054 0.00139766 0.679243 8.78862e-05 0.0548008 0.107477 
0.000218588 0.00164332 0.0990803 0.0813268 0.00381699 0.000274458 5.75362e-05 
0.00183521 0.000120521 0.0379659 0.969249 4.15022e-05 0.000183187 0.0153366 
0.00199702 0.00260925 0.110789 0.178324 0.0030672 0.184004 0.831638 
0.0631546 0.0141355 4.76652e-06 6.24574e-08 7.40288e-16 0.000701779 4.50283e-06 
0.0399314 0.00669732 0.00319195 8.11246e-05 0.950911 0.0177783 0.0103434 
0.0193426 0.0158884 0.00148728 0.00030986 0.927488 0.100252 0.00409441 
0.0764451 0.00626832 0.0217634 8.5872e-07 0.962448 0.110864 0.00820102 
0.593054 0.0215362 0.000304576 0.0947502 5.44716e-06 0.0155144 0.00120508 
0.400861 0.037571 2.16899e-06 0.000721132 2.26053e-06 1.64531e-06 0.00750235 
0.266107 0.0219227 7.27614e-05 7.44689e-08 0.0945098 0.000127937 0.742086 
0.00215722 0.505573 0.000665479 3.11005e-06 5.12244e-08 0.0101114 8.85428e-05 
0.0012575 0.0974402 0.179693 1.17275e-06 1.19553e-08 0.0447021 0.705384 
0.000998175 0.0149421 0.813657 0.00427726 6.97231e-11 0.00161112 0.383142 
0.539502 0.0544634 0.000532304 9.53242e-09 0.000332253 1.12648e-06 0.000221473 
0.00490784 0.0445592 0.022125 0.00225395 1.90792e-06 0.000289986 2.32112e-07 
9.63577e-05 0.484309 0.691231 3.42867e-07 9.81238e-08 0.0652161 0.00884495 
0.808735 0.124207 3.54146e-06 5.70296e-09 0.00406635 2.18969e-06 6.10179e-05 
0.336923 0.711289 3.69691e-05 1.81873e-08 0.0919919 0.0530818 0.000344022 
0.0017705 0.00181382 0.210788 0.017148 4.25191e-09 0.113829 0.699875 
0.1175 0.00459033 0.0291528 1.54253e-06 0.931787 0.115675 0.00401428 
0.00315353 0.000552445 0.113701 0.000917677 0.0395137 0.000261756 0.000168534 
0.00142942 0.00180183 0.380368 0.000719788 1.69065e-08 0.0820347 0.933788 
0.00064853 0.277216 0.0501795 2.8624e-08 1.6118e-10 0.000287441 0.000132048 
0.367773 0.379123 0.000148536 1.37525e-07 0.00177433 0.0941428 5.86338e-07 
0.997987 0.12063 1.8598e-10 1.97326e-11 9.74026e-08 6.22335e-06 1.48965e-05 
0.00118138 0.000138 0.0727093 0.890356 2.27447e-06 0.000265358 0.0198465 
0.0630732 0.000720263 0.00121687 0.897569 0.0102803 0.0113228 0.206001 
0.00900017 0.123452 0.000255994 3.6107e-07 6.82127e-08 0.0183313 0.412508 
0.96728 0.0219216 2.39905e-05 1.58657e-09 0.00026308 0.005735 0.0404115 
0.0415348 0.00743861 0.000922833 0.000137481 0.952655 0.00895325 0.00731763 
0.612444 0.300903 0.000117947 3.73059e-09 8.77704e-09 0.141959 6.59961e-06 
