0.700000 0.000000 0.805000 0.515385 0.000000 0.416000 0.466667 0.590000 0.099167 0.000000 0.500000 0.600000 0.000000 0.000000 0.416667 0.300000 0 1
0.866667 1.000000 0.845000 0.484615 1.000000 0.310000 0.366667 0.350000 0.097500 0.000000 0.466667 0.566667 1.000000 0.000000 0.323333 0.593750 1 0
0.700000 1.000000 0.850000 0.538462 1.000000 0.312000 0.483333 0.450000 0.102500 0.000000 0.516667 0.500000 1.000000 0.000000 0.286667 1.048750 0 1
0.533333 0.000000 0.785000 0.523077 0.000000 0.452000 0.483333 0.530000 0.255000 0.221500 0.400000 0.533333 1.000000 0.000000 0.000000 0.000000 0 1
0.755556 0.000000 0.765000 0.484615 0.000000 0.388000 0.516667 0.470000 0.091667 0.111000 0.500000 0.533333 0.000000 1.000000 0.000000 0.000000 0 1
0.666667 1.000000 0.855000 0.592308 0.000000 0.418000 0.583333 0.640000 0.068333 0.092500 0.433333 0.566667 1.000000 0.000000 0.000000 0.000000 0 1
0.566667 1.000000 0.855000 0.515385 1.000000 0.540000 0.433333 0.350000 0.119167 0.142000 0.416667 0.566667 0.000000 0.000000 0.000000 0.000000 0 1
0.733333 0.000000 0.825000 0.461538 0.000000 0.540000 0.316667 0.510000 0.134167 0.000000 0.450000 0.633333 0.000000 0.000000 0.623333 0.612500 0 1
0.566667 1.000000 0.900000 0.515385 0.000000 0.374000 0.433333 0.570000 0.118333 0.142000 0.466667 0.600000 0.000000 0.000000 0.000000 0.000000 0 1
0.588889 1.000000 0.830000 0.546154 1.000000 0.394000 0.500000 0.620000 0.078333 0.116500 0.400000 0.566667 1.000000 0.000000 0.000000 0.000000 0 1
0.522222 1.000000 0.885000 0.565385 1.000000 0.424000 0.466667 0.450000 0.075833 0.128500 0.433333 0.533333 1.000000 0.000000 0.000000 0.000000 0 1
0.644444 1.000000 0.950000 0.746154 1.000000 0.582000 0.216667 0.380000 0.276667 0.000000 0.533333 0.666667 0.000000 0.000000 0.623333 0.437500 0 1
0.533333 0.000000 0.820000 0.643077 0.000000 0.412000 0.483333 0.470000 0.087500 0.122000 0.416667 0.566667 1.000000 0.000000 0.000000 0.000000 0 1
0.288889 1.000000 0.910000 0.507692 1.000000 0.700000 0.483333 0.340000 0.156667 0.122000 0.400000 0.466667 1.000000 0.000000 0.000000 0.000000 0 1
0.711111 1.000000 0.810000 0.575385 1.000000 0.506000 0.583333 0.370000 0.066667 0.072500 0.466667 0.600000 1.000000 0.000000 0.000000 0.000000 0 1
0.777778 1.000000 0.750000 0.376923 0.000000 0.270000 0.533333 0.460000 0.067500 0.106000 0.500000 0.533333 1.000000 0.000000 0.000000 0.000000 0 1
0.633333 0.000000 0.775000 0.413077 1.000000 0.520000 0.483333 0.520000 0.086667 0.122000 0.433333 0.533333 0.000000 0.000000 0.000000 0.000000 0 1
0.877778 1.000000 0.840000 0.653846 1.000000 0.450000 0.266667 0.360000 0.171667 0.000000 0.483333 0.533333 0.000000 0.000000 0.493333 0.400000 0 1
0.533333 1.000000 0.810000 0.538462 1.000000 0.474000 0.283333 0.400000 0.195000 0.000000 0.433333 0.466667 0.000000 0.000000 0.500000 0.262500 0 1
0.700000 0.000000 0.805000 0.523077 0.000000 0.416000 0.466667 0.590000 0.099167 0.000000 0.500000 0.533333 0.000000 0.000000 0.416667 0.300000 0 1
0.644444 1.000000 0.805000 0.492308 1.000000 0.604000 0.450000 0.420000 0.204167 0.135000 0.483333 0.466667 1.000000 1.000000 0.000000 0.000000 0 1
0.555556 1.000000 0.850000 0.600000 1.000000 0.356000 0.416667 0.550000 0.175833 0.128500 0.433333 0.600000 1.000000 0.000000 0.000000 0.000000 0 1
0.544444 1.000000 0.905000 0.715385 0.000000 0.308000 0.433333 0.370000 0.210000 0.142000 0.500000 0.633333 0.000000 0.000000 0.000000 0.000000 0 1
0.588889 1.000000 0.845000 0.569231 1.000000 0.440000 0.383333 0.600000 0.264167 0.213000 0.433333 0.633333 1.000000 0.000000 0.000000 0.000000 0 1
0.622222 1.000000 0.810000 0.496154 1.000000 0.500000 0.416667 0.250000 0.125000 0.150000 0.500000 0.533333 1.000000 0.000000 0.000000 0.000000 0 1
0.655556 1.000000 0.845000 0.474615 0.000000 0.534000 0.500000 0.430000 0.135000 0.116500 0.500000 0.600000 1.000000 0.000000 0.000000 0.000000 0 1
0.722222 1.000000 0.885000 0.607692 0.000000 0.418000 0.650000 0.390000 0.143333 0.178500 0.500000 0.600000 1.000000 1.000000 0.000000 0.000000 0 1
0.611111 1.000000 0.850000 0.615385 1.000000 0.492000 0.250000 0.360000 0.144167 0.000000 0.466667 0.533333 0.000000 0.000000 0.243333 0.525000 0 1
0.577778 1.000000 0.865000 0.557692 1.000000 0.462000 0.583333 0.530000 0.087500 0.092500 0.366667 0.466667 1.000000 0.000000 0.000000 0.000000 0 1
0.600000 1.000000 0.850000 0.576923 1.000000 0.506000 0.466667 0.330000 0.135000 0.128500 0.466667 0.633333 0.000000 0.000000 0.000000 0.000000 0 1
0.722222 1.000000 0.775000 0.484615 0.000000 0.658000 0.483333 0.590000 0.161667 0.122000 0.450000 0.566667 0.000000 1.000000 0.000000 0.000000 0 1
0.444444 1.000000 0.945000 0.694615 1.000000 0.406000 0.450000 0.250000 0.077500 0.135000 0.400000 0.633333 0.000000 0.000000 0.000000 0.000000 0 1
0.577778 1.000000 0.840000 0.646154 1.000000 0.494000 0.400000 0.400000 0.207500 0.158000 0.433333 0.533333 1.000000 0.000000 0.000000 0.000000 0 1
0.633333 1.000000 0.840000 0.569231 1.000000 0.382000 0.483333 0.360000 0.092500 0.122000 0.400000 0.533333 1.000000 0.000000 0.000000 0.000000 0 1
0.544444 1.000000 0.825000 0.538462 1.000000 0.548000 0.383333 0.460000 0.165833 0.167000 0.383333 0.533333 0.000000 1.000000 0.000000 0.000000 0 1
0.722222 0.000000 0.825000 0.546154 0.000000 0.560000 0.233333 0.400000 0.110000 0.000000 0.466667 0.533333 0.000000 0.000000 0.713333 0.275000 0 1
0.833333 1.000000 0.830000 0.700000 1.000000 0.448000 0.266667 0.370000 0.269167 0.000000 0.533333 0.666667 0.000000 0.000000 0.406667 0.600000 0 1
0.677778 0.000000 0.790000 0.548462 0.000000 0.410000 0.500000 0.470000 0.115000 0.116500 0.483333 0.666667 0.000000 0.000000 0.000000 0.000000 0 1
0.711111 1.000000 0.850000 0.646154 0.000000 0.478000 0.266667 0.390000 0.211667 0.000000 0.600000 0.666667 1.000000 0.000000 0.496667 0.500000 0 1
0.666667 0.000000 0.775000 0.584615 0.000000 0.520000 0.433333 0.500000 0.128333 0.140000 0.683333 0.633333 0.000000 1.000000 0.000000 0.000000 0 1
0.744444 1.000000 0.820000 0.484615 1.000000 0.346000 0.450000 0.590000 0.197500 0.135000 0.466667 0.466667 0.000000 0.000000 0.000000 0.000000 0 1
0.688889 1.000000 0.850000 0.476923 1.000000 0.308000 0.416667 0.390000 0.091667 0.000000 0.433333 0.466667 0.000000 1.000000 0.310000 0.375000 0 1
0.555556 1.000000 0.830000 0.500000 1.000000 0.364000 0.350000 0.380000 0.061667 0.000000 0.366667 0.466667 1.000000 0.000000 0.430000 0.450000 0 1
0.700000 1.000000 0.900000 0.769231 1.000000 0.390000 0.583333 0.330000 0.100000 0.092500 0.533333 0.500000 0.000000 1.000000 0.000000 0.000000 0 1
0.533333 1.000000 0.890000 0.692308 0.000000 0.520000 0.416667 0.420000 0.087500 0.150000 0.466667 0.600000 0.000000 0.000000 0.000000 0.000000 0 1
0.433333 1.000000 0.850000 0.557692 1.000000 0.476000 0.283333 0.280000 0.308333 0.244000 0.433333 0.466667 1.000000 0.000000 0.000000 0.000000 0 1
0.544444 1.000000 0.860000 0.672308 1.000000 0.540000 0.366667 0.310000 0.289167 0.177000 0.483333 0.566667 0.000000 0.000000 0.000000 0.000000 0 1
0.500000 1.000000 0.825000 0.680769 1.000000 0.676000 0.433333 0.460000 0.065000 0.142000 0.466667 0.566667 1.000000 0.000000 0.000000 0.000000 0 1
0.677778 1.000000 0.850000 0.569231 1.000000 0.378000 0.483333 0.430000 0.155833 0.122000 0.566667 0.733333 0.000000 0.000000 0.000000 0.000000 0 1
0.644444 0.000000 0.755000 0.564615 0.000000 0.646000 0.583333 0.790000 0.071667 0.092500 0.550000 0.633333 0.000000 0.000000 0.000000 0.000000 0 1
0.588889 1.000000 0.860000 0.538462 1.000000 0.460000 0.266667 0.360000 0.152500 0.000000 0.483333 0.533333 1.000000 0.000000 0.523333 0.412500 0 1
0.711111 1.000000 0.800000 0.500000 1.000000 0.574000 0.550000 0.410000 0.180000 0.101500 0.400000 0.466667 0.000000 0.000000 0.000000 0.000000 0 1
0.633333 1.000000 0.850000 0.630769 1.000000 0.494000 0.450000 0.360000 0.127500 0.117000 0.500000 0.566667 1.000000 0.000000 0.000000 0.000000 0 1
0.466667 1.000000 0.850000 0.592308 1.000000 0.416000 0.400000 0.350000 0.162500 0.158000 0.433333 0.566667 1.000000 0.000000 0.000000 0.000000 0 1
0.522222 1.000000 0.890000 0.705385 1.000000 0.458000 0.316667 0.440000 0.235833 0.213000 0.450000 0.600000 1.000000 0.000000 0.000000 0.000000 0 1
0.677778 0.000000 0.800000 0.630769 1.000000 0.396000 0.400000 0.480000 0.149167 0.000000 0.500000 0.633333 1.000000 1.000000 0.380000 0.580000 0 1
0.722222 1.000000 0.850000 0.423077 1.000000 0.376000 0.483333 0.460000 0.103333 0.122000 0.433333 0.533333 1.000000 0.000000 0.000000 0.000000 0 1
0.766667 0.000000 0.760000 0.500000 0.000000 0.390000 0.383333 0.460000 0.077500 0.000000 0.433333 0.566667 1.000000 0.000000 0.433333 0.375000 0 1
0.744444 1.000000 0.830000 0.515385 1.000000 0.780000 0.166667 0.410000 0.119167 0.000000 0.533333 0.600000 0.000000 0.000000 1.066667 0.275000 0 1
0.600000 0.000000 0.875000 0.744615 0.000000 0.474000 0.366667 0.270000 0.247500 0.177000 0.433333 0.600000 0.000000 1.000000 0.000000 0.000000 0 1
0.700000 1.000000 0.780000 0.479231 1.000000 0.360000 0.450000 0.420000 0.105000 0.135000 0.400000 0.500000 1.000000 0.000000 0.000000 0.000000 0 1
0.555556 0.000000 0.755000 0.500000 0.000000 0.480000 0.283333 0.410000 0.078333 0.000000 0.466667 0.600000 0.000000 0.000000 0.600000 0.325000 0 1
0.733333 1.000000 0.835000 0.500000 1.000000 0.600000 0.533333 0.490000 0.067500 0.106000 0.433333 0.500000 0.000000 0.000000 0.000000 0.000000 0 1
0.666667 1.000000 0.840000 0.530769 1.000000 0.528000 0.633333 0.380000 0.106667 0.081500 0.433333 0.500000 1.000000 0.000000 0.000000 0.000000 0 1
0.644444 1.000000 0.840000 0.661538 1.000000 0.460000 0.283333 0.400000 0.316667 0.000000 0.433333 0.500000 0.000000 0.000000 0.380000 0.312500 0 1
0.666667 1.000000 0.850000 0.623077 1.000000 0.458000 0.333333 0.460000 0.133333 0.000000 0.433333 0.600000 1.000000 0.000000 0.503333 0.487500 0 1
0.700000 1.000000 0.870000 0.646154 1.000000 0.446000 0.300000 0.400000 0.150833 0.000000 0.566667 0.600000 0.000000 0.000000 0.496667 0.375000 0 1
0.477778 1.000000 0.930000 0.761538 0.000000 0.438000 0.566667 0.460000 0.065833 0.097000 0.433333 0.533333 0.000000 0.000000 0.000000 0.000000 0 1
0.688889 0.000000 0.790000 0.430769 1.000000 0.488000 0.466667 0.330000 0.115000 0.128500 0.400000 0.466667 0.000000 0.000000 0.000000 0.000000 0 1
0.655556 0.000000 0.770000 0.623077 0.000000 0.470000 0.700000 0.350000 0.109167 0.069000 0.500000 0.600000 1.000000 0.000000 0.000000 0.000000 0 1
0.766667 0.000000 0.800000 0.407692 0.000000 0.390000 0.383333 0.450000 0.060833 0.000000 0.350000 0.466667 1.000000 0.000000 0.450000 0.325000 0 1
0.700000 1.000000 0.835000 0.553846 1.000000 0.374000 0.333333 0.410000 0.184167 0.200000 0.400000 0.466667 0.000000 0.000000 0.000000 0.000000 0 1
0.766667 1.000000 0.810000 0.500000 1.000000 0.364000 0.350000 0.390000 0.108333 0.000000 0.533333 0.600000 1.000000 0.000000 0.450000 0.350000 0 1
0.722222 1.000000 0.805000 0.515385 1.000000 0.600000 0.550000 0.590000 0.140000 0.101500 0.466667 0.466667 0.000000 0.000000 0.000000 0.000000 0 1
0.577778 0.000000 0.825000 0.476923 0.000000 0.388000 0.600000 0.500000 0.067500 0.088500 0.400000 0.600000 0.000000 0.000000 0.000000 0.000000 0 1
0.577778 1.000000 0.845000 0.530769 1.000000 0.510000 0.466667 0.470000 0.125000 0.128500 0.666667 0.700000 0.000000 0.000000 0.000000 0.000000 0 1
0.533333 1.000000 0.860000 0.565385 1.000000 0.448000 0.550000 0.390000 0.100000 0.115000 0.433333 0.600000 0.000000 0.000000 0.000000 0.000000 0 1
0.400000 0.000000 0.825000 0.488462 1.000000 0.520000 0.566667 0.570000 0.066667 0.097000 0.400000 0.533333 0.000000 1.000000 0.000000 0.000000 0 1
0.600000 1.000000 0.820000 0.555385 1.000000 0.482000 0.433333 0.310000 0.125000 0.142000 0.433333 0.600000 1.000000 0.000000 0.000000 0.000000 0 1
