0.700000 0.000000 0.805000 0.515385 0.000000 0.416000 0.466667 0.590000 0.099167 0.000000 0.500000 0.600000 0.000000 0.000000 0.416667 0.300000
0.866667 1.000000 0.845000 0.484615 1.000000 0.310000 0.366667 0.350000 0.097500 0.000000 0.466667 0.566667 1.000000 0.000000 0.323333 0.593750
0.700000 1.000000 0.850000 0.538462 1.000000 0.312000 0.483333 0.450000 0.102500 0.000000 0.516667 0.500000 1.000000 0.000000 0.286667 1.048750
0.533333 0.000000 0.785000 0.523077 0.000000 0.452000 0.483333 0.530000 0.255000 0.221500 0.400000 0.533333 1.000000 0.000000 0.000000 0.000000
0.755556 0.000000 0.765000 0.484615 0.000000 0.388000 0.516667 0.470000 0.091667 0.111000 0.500000 0.533333 0.000000 1.000000 0.000000 0.000000
0.666667 1.000000 0.855000 0.592308 0.000000 0.418000 0.583333 0.640000 0.068333 0.092500 0.433333 0.566667 1.000000 0.000000 0.000000 0.000000
0.566667 1.000000 0.855000 0.515385 1.000000 0.540000 0.433333 0.350000 0.119167 0.142000 0.416667 0.566667 0.000000 0.000000 0.000000 0.000000
0.733333 0.000000 0.825000 0.461538 0.000000 0.540000 0.316667 0.510000 0.134167 0.000000 0.450000 0.633333 0.000000 0.000000 0.623333 0.612500
0.566667 1.000000 0.900000 0.515385 0.000000 0.374000 0.433333 0.570000 0.118333 0.142000 0.466667 0.600000 0.000000 0.000000 0.000000 0.000000
0.588889 1.000000 0.830000 0.546154 1.000000 0.394000 0.500000 0.620000 0.078333 0.116500 0.400000 0.566667 1.000000 0.000000 0.000000 0.000000
0.522222 1.000000 0.885000 0.565385 1.000000 0.424000 0.466667 0.450000 0.075833 0.128500 0.433333 0.533333 1.000000 0.000000 0.000000 0.000000
0.644444 1.000000 0.950000 0.746154 1.000000 0.582000 0.216667 0.380000 0.276667 0.000000 0.533333 0.666667 0.000000 0.000000 0.623333 0.437500
0.533333 0.000000 0.820000 0.643077 0.000000 0.412000 0.483333 0.470000 0.087500 0.122000 0.416667 0.566667 1.000000 0.000000 0.000000 0.000000
0.288889 1.000000 0.910000 0.507692 1.000000 0.700000 0.483333 0.340000 0.156667 0.122000 0.400000 0.466667 1.000000 0.000000 0.000000 0.000000
0.711111 1.000000 0.810000 0.575385 1.000000 0.506000 0.583333 0.370000 0.066667 0.072500 0.466667 0.600000 1.000000 0.000000 0.000000 0.000000
0.777778 1.000000 0.750000 0.376923 0.000000 0.270000 0.533333 0.460000 0.067500 0.106000 0.500000 0.533333 1.000000 0.000000 0.000000 0.000000
0.633333 0.000000 0.775000 0.413077 1.000000 0.520000 0.483333 0.520000 0.086667 0.122000 0.433333 0.533333 0.000000 0.000000 0.000000 0.000000
0.877778 1.000000 0.840000 0.653846 1.000000 0.450000 0.266667 0.360000 0.171667 0.000000 0.483333 0.533333 0.000000 0.000000 0.493333 0.400000
0.533333 1.000000 0.810000 0.538462 1.000000 0.474000 0.283333 0.400000 0.195000 0.000000 0.433333 0.466667 0.000000 0.000000 0.500000 0.262500
0.700000 0.000000 0.805000 0.523077 0.000000 0.416000 0.466667 0.590000 0.099167 0.000000 0.500000 0.533333 0.000000 0.000000 0.416667 0.300000
0.644444 1.000000 0.805000 0.492308 1.000000 0.604000 0.450000 0.420000 0.204167 0.135000 0.483333 0.466667 1.000000 1.000000 0.000000 0.000000
0.555556 1.000000 0.850000 0.600000 1.000000 0.356000 0.416667 0.550000 0.175833 0.128500 0.433333 0.600000 1.000000 0.000000 0.000000 0.000000
0.544444 1.000000 0.905000 0.715385 0.000000 0.308000 0.433333 0.370000 0.210000 0.142000 0.500000 0.633333 0.000000 0.000000 0.000000 0.000000
0.588889 1.000000 0.845000 0.569231 1.000000 0.440000 0.383333 0.600000 0.264167 0.213000 0.433333 0.633333 1.000000 0.000000 0.000000 0.000000
0.622222 1.000000 0.810000 0.496154 1.000000 0.500000 0.416667 0.250000 0.125000 0.150000 0.500000 0.533333 1.000000 0.000000 0.000000 0.000000
0.655556 1.000000 0.845000 0.474615 0.000000 0.534000 0.500000 0.430000 0.135000 0.116500 0.500000 0.600000 1.000000 0.000000 0.000000 0.000000
0.722222 1.000000 0.885000 0.607692 0.000000 0.418000 0.650000 0.390000 0.143333 0.178500 0.500000 0.600000 1.000000 1.000000 0.000000 0.000000
0.611111 1.000000 0.850000 0.615385 1.000000 0.492000 0.250000 0.360000 0.144167 0.000000 0.466667 0.533333 0.000000 0.000000 0.243333 0.525000
0.577778 1.000000 0.865000 0.557692 1.000000 0.462000 0.583333 0.530000 0.087500 0.092500 0.366667 0.466667 1.000000 0.000000 0.000000 0.000000
0.600000 1.000000 0.850000 0.576923 1.000000 0.506000 0.466667 0.330000 0.135000 0.128500 0.466667 0.633333 0.000000 0.000000 0.000000 0.000000
0.722222 1.000000 0.775000 0.484615 0.000000 0.658000 0.483333 0.590000 0.161667 0.122000 0.450000 0.566667 0.000000 1.000000 0.000000 0.000000
0.444444 1.000000 0.945000 0.694615 1.000000 0.406000 0.450000 0.250000 0.077500 0.135000 0.400000 0.633333 0.000000 0.000000 0.000000 0.000000
0.577778 1.000000 0.840000 0.646154 1.000000 0.494000 0.400000 0.400000 0.207500 0.158000 0.433333 0.533333 1.000000 0.000000 0.000000 0.000000
0.633333 1.000000 0.840000 0.569231 1.000000 0.382000 0.483333 0.360000 0.092500 0.122000 0.400000 0.533333 1.000000 0.000000 0.000000 0.000000
0.544444 1.000000 0.825000 0.538462 1.000000 0.548000 0.383333 0.460000 0.165833 0.167000 0.383333 0.533333 0.000000 1.000000 0.000000 0.000000
0.722222 0.000000 0.825000 0.546154 0.000000 0.560000 0.233333 0.400000 0.110000 0.000000 0.466667 0.533333 0.000000 0.000000 0.713333 0.275000
0.833333 1.000000 0.830000 0.700000 1.000000 0.448000 0.266667 0.370000 0.269167 0.000000 0.533333 0.666667 0.000000 0.000000 0.406667 0.600000
0.677778 0.000000 0.790000 0.548462 0.000000 0.410000 0.500000 0.470000 0.115000 0.116500 0.483333 0.666667 0.000000 0.000000 0.000000 0.000000
0.711111 1.000000 0.850000 0.646154 0.000000 0.478000 0.266667 0.390000 0.211667 0.000000 0.600000 0.666667 1.000000 0.000000 0.496667 0.500000
0.666667 0.000000 0.775000 0.584615 0.000000 0.520000 0.433333 0.500000 0.128333 0.140000 0.683333 0.633333 0.000000 1.000000 0.000000 0.000000
0.744444 1.000000 0.820000 0.484615 1.000000 0.346000 0.450000 0.590000 0.197500 0.135000 0.466667 0.466667 0.000000 0.000000 0.000000 0.000000
0.688889 1.000000 0.850000 0.476923 1.000000 0.308000 0.416667 0.390000 0.091667 0.000000 0.433333 0.466667 0.000000 1.000000 0.310000 0.375000
0.555556 1.000000 0.830000 0.500000 1.000000 0.364000 0.350000 0.380000 0.061667 0.000000 0.366667 0.466667 1.000000 0.000000 0.430000 0.450000
0.700000 1.000000 0.900000 0.769231 1.000000 0.390000 0.583333 0.330000 0.100000 0.092500 0.533333 0.500000 0.000000 1.000000 0.000000 0.000000
0.533333 1.000000 0.890000 0.692308 0.000000 0.520000 0.416667 0.420000 0.087500 0.150000 0.466667 0.600000 0.000000 0.000000 0.000000 0.000000
0.433333 1.000000 0.850000 0.557692 1.000000 0.476000 0.283333 0.280000 0.308333 0.244000 0.433333 0.466667 1.000000 0.000000 0.000000 0.000000
0.544444 1.000000 0.860000 0.672308 1.000000 0.540000 0.366667 0.310000 0.289167 0.177000 0.483333 0.566667 0.000000 0.000000 0.000000 0.000000
0.500000 1.000000 0.825000 0.680769 1.000000 0.676000 0.433333 0.460000 0.065000 0.142000 0.466667 0.566667 1.000000 0.000000 0.000000 0.000000
0.677778 1.000000 0.850000 0.569231 1.000000 0.378000 0.483333 0.430000 0.155833 0.122000 0.566667 0.733333 0.000000 0.000000 0.000000 0.000000
0.644444 0.000000 0.755000 0.564615 0.000000 0.646000 0.583333 0.790000 0.071667 0.092500 0.550000 0.633333 0.000000 0.000000 0.000000 0.000000
0.588889 1.000000 0.860000 0.538462 1.000000 0.460000 0.266667 0.360000 0.152500 0.000000 0.483333 0.533333 1.000000 0.000000 0.523333 0.412500
0.711111 1.000000 0.800000 0.500000 1.000000 0.574000 0.550000 0.410000 0.180000 0.101500 0.400000 0.466667 0.000000 0.000000 0.000000 0.000000
0.633333 1.000000 0.850000 0.630769 1.000000 0.494000 0.450000 0.360000 0.127500 0.117000 0.500000 0.566667 1.000000 0.000000 0.000000 0.000000
0.466667 1.000000 0.850000 0.592308 1.000000 0.416000 0.400000 0.350000 0.162500 0.158000 0.433333 0.566667 1.000000 0.000000 0.000000 0.000000
0.522222 1.000000 0.890000 0.705385 1.000000 0.458000 0.316667 0.440000 0.235833 0.213000 0.450000 0.600000 1.000000 0.000000 0.000000 0.000000
0.677778 0.000000 0.800000 0.630769 1.000000 0.396000 0.400000 0.480000 0.149167 0.000000 0.500000 0.633333 1.000000 1.000000 0.380000 0.580000
0.722222 1.000000 0.850000 0.423077 1.000000 0.376000 0.483333 0.460000 0.103333 0.122000 0.433333 0.533333 1.000000 0.000000 0.000000 0.000000
0.766667 0.000000 0.760000 0.500000 0.000000 0.390000 0.383333 0.460000 0.077500 0.000000 0.433333 0.566667 1.000000 0.000000 0.433333 0.375000
0.744444 1.000000 0.830000 0.515385 1.000000 0.780000 0.166667 0.410000 0.119167 0.000000 0.533333 0.600000 0.000000 0.000000 1.066667 0.275000
0.600000 0.000000 0.875000 0.744615 0.000000 0.474000 0.366667 0.270000 0.247500 0.177000 0.433333 0.600000 0.000000 1.000000 0.000000 0.000000
0.700000 1.000000 0.780000 0.479231 1.000000 0.360000 0.450000 0.420000 0.105000 0.135000 0.400000 0.500000 1.000000 0.000000 0.000000 0.000000
0.555556 0.000000 0.755000 0.500000 0.000000 0.480000 0.283333 0.410000 0.078333 0.000000 0.466667 0.600000 0.000000 0.000000 0.600000 0.325000
0.733333 1.000000 0.835000 0.500000 1.000000 0.600000 0.533333 0.490000 0.067500 0.106000 0.433333 0.500000 0.000000 0.000000 0.000000 0.000000
0.666667 1.000000 0.840000 0.530769 1.000000 0.528000 0.633333 0.380000 0.106667 0.081500 0.433333 0.500000 1.000000 0.000000 0.000000 0.000000
0.644444 1.000000 0.840000 0.661538 1.000000 0.460000 0.283333 0.400000 0.316667 0.000000 0.433333 0.500000 0.000000 0.000000 0.380000 0.312500
0.666667 1.000000 0.850000 0.623077 1.000000 0.458000 0.333333 0.460000 0.133333 0.000000 0.433333 0.600000 1.000000 0.000000 0.503333 0.487500
0.700000 1.000000 0.870000 0.646154 1.000000 0.446000 0.300000 0.400000 0.150833 0.000000 0.566667 0.600000 0.000000 0.000000 0.496667 0.375000
0.477778 1.000000 0.930000 0.761538 0.000000 0.438000 0.566667 0.460000 0.065833 0.097000 0.433333 0.533333 0.000000 0.000000 0.000000 0.000000
0.688889 0.000000 0.790000 0.430769 1.000000 0.488000 0.466667 0.330000 0.115000 0.128500 0.400000 0.466667 0.000000 0.000000 0.000000 0.000000
0.655556 0.000000 0.770000 0.623077 0.000000 0.470000 0.700000 0.350000 0.109167 0.069000 0.500000 0.600000 1.000000 0.000000 0.000000 0.000000
0.766667 0.000000 0.800000 0.407692 0.000000 0.390000 0.383333 0.450000 0.060833 0.000000 0.350000 0.466667 1.000000 0.000000 0.450000 0.325000
0.700000 1.000000 0.835000 0.553846 1.000000 0.374000 0.333333 0.410000 0.184167 0.200000 0.400000 0.466667 0.000000 0.000000 0.000000 0.000000
0.766667 1.000000 0.810000 0.500000 1.000000 0.364000 0.350000 0.390000 0.108333 0.000000 0.533333 0.600000 1.000000 0.000000 0.450000 0.350000
0.722222 1.000000 0.805000 0.515385 1.000000 0.600000 0.550000 0.590000 0.140000 0.101500 0.466667 0.466667 0.000000 0.000000 0.000000 0.000000
0.577778 0.000000 0.825000 0.476923 0.000000 0.388000 0.600000 0.500000 0.067500 0.088500 0.400000 0.600000 0.000000 0.000000 0.000000 0.000000
0.577778 1.000000 0.845000 0.530769 1.000000 0.510000 0.466667 0.470000 0.125000 0.128500 0.666667 0.700000 0.000000 0.000000 0.000000 0.000000
0.533333 1.000000 0.860000 0.565385 1.000000 0.448000 0.550000 0.390000 0.100000 0.115000 0.433333 0.600000 0.000000 0.000000 0.000000 0.000000
0.400000 0.000000 0.825000 0.488462 1.000000 0.520000 0.566667 0.570000 0.066667 0.097000 0.400000 0.533333 0.000000 1.000000 0.000000 0.000000
0.600000 1.000000 0.820000 0.555385 1.000000 0.482000 0.433333 0.310000 0.125000 0.142000 0.433333 0.600000 1.000000 0.000000 0.000000 0.000000
0.711111 1.000000 0.865000 0.761538 1.000000 0.400000 0.416667 0.510000 0.083333 0.000000 0.566667 0.733333 1.000000 0.000000 0.430000 0.487500
0.622222 1.000000 0.835000 0.561538 1.000000 0.464000 0.550000 0.470000 0.131667 0.101500 0.400000 0.466667 0.000000 0.000000 0.000000 0.000000
0.500000 0.000000 0.825000 0.471538 0.000000 0.368000 0.566667 0.510000 0.042500 0.097000 0.466667 0.566667 0.000000 0.000000 0.000000 0.000000
0.744444 0.000000 0.825000 0.461538 1.000000 0.510000 0.266667 0.400000 0.154167 0.000000 0.533333 0.533333 1.000000 0.000000 0.593333 0.662500
0.688889 1.000000 0.855000 0.715385 0.000000 0.362000 0.433333 0.470000 0.090833 0.000000 0.433333 0.533333 0.000000 1.000000 0.376667 0.550000
0.644444 0.000000 0.780000 0.515385 0.000000 0.466000 0.700000 0.370000 0.056667 0.069000 0.433333 0.466667 0.000000 0.000000 0.000000 0.000000
0.511111 0.000000 0.810000 0.561538 0.000000 0.342000 0.483333 0.390000 0.044167 0.000000 0.500000 0.633333 0.000000 0.000000 0.406667 0.525000
0.588889 1.000000 0.855000 0.571539 1.000000 0.416000 0.366667 0.620000 0.100000 0.126500 0.366667 0.533333 0.000000 0.000000 0.000000 0.000000
0.688889 1.000000 0.875000 0.530769 0.000000 0.298000 0.350000 0.310000 0.155000 0.188000 0.466667 0.466667 0.000000 1.000000 0.000000 0.000000
0.633333 1.000000 0.825000 0.538462 1.000000 0.436000 0.316667 0.420000 0.166667 0.000000 0.400000 0.533333 0.000000 0.000000 0.453333 0.925000
0.644444 0.000000 0.750000 0.373077 0.000000 0.316000 0.550000 0.400000 0.090000 0.101500 0.400000 0.533333 0.000000 0.000000 0.000000 0.000000
0.577778 1.000000 0.870000 0.553846 1.000000 0.432000 0.650000 0.410000 0.064167 0.078500 0.433333 0.600000 0.000000 0.000000 0.000000 0.000000
0.666667 1.000000 0.810000 0.546154 0.000000 0.610000 0.216667 0.410000 0.088333 0.000000 0.500000 0.600000 1.000000 0.000000 0.810000 0.587500
0.588889 1.000000 0.820000 0.559231 1.000000 0.398000 0.350000 0.510000 0.185833 0.188000 0.416667 0.466667 1.000000 0.000000 0.000000 0.000000
0.655556 1.000000 0.790000 0.424615 1.000000 0.330000 0.516667 0.430000 0.062500 0.111000 0.383333 0.533333 0.000000 0.000000 0.000000 0.000000
0.422222 1.000000 0.825000 0.661538 1.000000 0.428000 0.550000 0.650000 0.057500 0.101500 0.450000 0.566667 1.000000 1.000000 0.000000 0.000000
0.422222 1.000000 0.790000 0.684615 0.000000 0.384000 0.450000 0.450000 0.128333 0.135000 0.433333 0.600000 0.000000 0.000000 0.000000 0.000000
0.522222 1.000000 0.835000 0.604615 0.000000 0.504000 0.400000 0.350000 0.113333 0.158000 0.400000 0.566667 0.000000 0.000000 0.000000 0.000000
0.600000 1.000000 0.825000 0.546154 1.000000 0.480000 0.450000 0.390000 0.110833 0.135000 0.400000 0.533333 0.000000 0.000000 0.000000 0.000000
0.555556 0.000000 0.870000 0.515385 1.000000 0.322000 0.416667 0.410000 0.145000 0.000000 0.466667 0.533333 1.000000 0.000000 0.286667 0.475000
0.511111 1.000000 0.840000 0.676923 1.000000 0.606000 0.216667 0.390000 0.230833 0.000000 0.533333 0.600000 1.000000 0.000000 0.696667 0.325000
0.688889 1.000000 0.815000 0.584615 1.000000 0.434000 0.300000 0.400000 0.185000 0.000000 0.466667 0.466667 0.000000 0.000000 0.443333 0.700000
0.633333 1.000000 0.830000 0.500000 1.000000 0.400000 0.333333 0.400000 0.125000 0.000000 0.400000 0.600000 1.000000 0.000000 0.433333 0.400000
0.488889 0.000000 0.825000 0.538462 0.000000 0.290000 0.466667 0.410000 0.191667 0.000000 0.533333 0.600000 1.000000 0.000000 0.193333 0.312500
0.588889 1.000000 0.875000 0.592308 1.000000 0.428000 0.266667 0.340000 0.167500 0.000000 0.533333 0.633333 0.000000 0.000000 0.466667 0.337500
0.722222 1.000000 0.875000 0.587692 1.000000 0.554000 0.500000 0.410000 0.186667 0.116500 0.350000 0.500000 0.000000 0.000000 0.000000 0.000000
0.666667 1.000000 0.935000 0.638462 1.000000 0.346000 0.416667 0.440000 0.117500 0.000000 0.500000 0.633333 0.000000 0.000000 0.336667 0.487500
0.655556 0.000000 0.780000 0.424615 0.000000 0.344000 0.733333 0.410000 0.057500 0.065000 0.366667 0.533333 0.000000 0.000000 0.000000 0.000000
0.544444 1.000000 0.825000 0.446154 1.000000 0.540000 0.283333 0.470000 0.205000 0.000000 0.433333 0.600000 1.000000 0.000000 0.580000 0.375000
0.588889 1.000000 0.855000 0.530769 1.000000 0.432000 0.466667 0.320000 0.134167 0.128500 0.650000 0.600000 1.000000 0.000000 0.000000 0.000000
0.444444 1.000000 0.890000 0.707692 1.000000 0.344000 0.650000 0.590000 0.105000 0.135000 0.400000 0.533333 0.000000 0.000000 0.000000 0.000000
0.677778 1.000000 0.830000 0.569231 0.000000 0.500000 0.250000 0.370000 0.254167 0.000000 0.500000 0.666667 0.000000 1.000000 0.506667 0.375000
0.688889 1.000000 0.825000 0.576923 0.000000 0.432000 0.433333 0.260000 0.090833 0.142000 0.433333 0.600000 0.000000 1.000000 0.000000 0.000000
0.500000 1.000000 0.855000 0.600000 0.000000 0.466000 0.300000 0.420000 0.090000 0.000000 0.400000 0.533333 1.000000 0.000000 0.516667 0.550000
0.666667 1.000000 0.860000 0.646154 1.000000 0.350000 0.300000 0.450000 0.099167 0.227500 0.400000 0.533333 0.000000 0.000000 0.000000 0.000000
0.433333 1.000000 0.905000 0.680000 1.000000 0.296000 0.383333 0.410000 0.175000 0.167000 0.566667 0.733333 0.000000 0.000000 0.000000 0.000000
0.466667 1.000000 0.815000 0.503077 1.000000 0.338000 0.316667 0.270000 0.125000 0.213000 0.366667 0.500000 0.000000 0.000000 0.000000 0.000000
0.522222 1.000000 0.835000 0.846154 1.000000 0.406000 0.583333 0.410000 0.121667 0.145500 0.466667 0.633333 0.000000 0.000000 0.000000 0.000000
0.666667 1.000000 0.855000 0.738462 1.000000 0.390000 0.350000 0.410000 0.090833 0.000000 0.666667 0.733333 1.000000 0.000000 0.406667 0.487500
0.411111 1.000000 0.875000 0.630769 1.000000 0.658000 0.533333 0.340000 0.177500 0.106000 0.433333 0.600000 0.000000 0.000000 0.000000 0.000000
0.555556 1.000000 0.850000 0.579231 0.000000 0.586000 0.283333 0.730000 0.202500 0.244000 0.400000 0.533333 1.000000 0.000000 0.000000 0.000000
0.744444 0.000000 0.765000 0.438462 0.000000 0.580000 0.333333 0.570000 0.089167 0.000000 0.566667 0.566667 0.000000 0.000000 0.706667 0.400000
0.711111 1.000000 0.845000 0.630769 0.000000 0.460000 0.433333 0.400000 0.123333 0.142000 0.550000 0.700000 0.000000 0.000000 0.000000 0.000000
0.722222 1.000000 0.840000 0.486154 1.000000 0.332000 0.483333 0.570000 0.074167 0.097000 0.333333 0.400000 1.000000 0.000000 0.000000 0.000000
0.588889 0.000000 0.850000 0.692308 0.000000 0.410000 0.433333 0.560000 0.090000 0.122000 0.400000 0.533333 1.000000 0.000000 0.000000 0.000000
0.666667 1.000000 0.850000 0.538462 0.000000 0.480000 0.250000 0.370000 0.085833 0.000000 0.466667 0.533333 0.000000 0.000000 0.606667 0.562500
0.633333 1.000000 0.875000 0.669231 1.000000 0.380000 0.450000 0.550000 0.116667 0.135000 0.500000 0.500000 1.000000 0.000000 0.000000 0.000000
0.600000 1.000000 0.850000 0.553846 0.000000 0.394000 0.266667 0.320000 0.100833 0.000000 0.400000 0.533333 0.000000 0.000000 0.470000 0.675000
0.755556 0.000000 0.825000 0.484615 1.000000 0.644000 0.233333 0.440000 0.145833 0.000000 0.533333 0.600000 0.000000 0.000000 0.810000 0.450000
0.711111 1.000000 0.810000 0.684615 1.000000 0.424000 0.333333 0.420000 0.176667 0.000000 0.500000 0.566667 1.000000 0.000000 0.420000 0.425000
0.666667 1.000000 0.815000 0.611538 1.000000 0.448000 0.500000 0.430000 0.158333 0.116500 0.466667 0.600000 0.000000 0.000000 0.000000 0.000000
0.644444 1.000000 0.875000 0.661538 1.000000 0.422000 0.316667 0.400000 0.111667 0.000000 0.466667 0.533333 0.000000 0.000000 0.480000 0.325000
0.633333 1.000000 0.850000 0.692308 1.000000 0.564000 0.216667 0.380000 0.214167 0.000000 0.533333 0.533333 1.000000 0.000000 0.643333 0.587500
0.500000 0.000000 0.800000 0.592308 1.000000 0.460000 0.350000 0.490000 0.199167 0.000000 0.400000 0.533333 1.000000 0.000000 0.443333 0.375000
0.655556 1.000000 0.835000 0.561538 1.000000 0.428000 0.300000 0.380000 0.105000 0.000000 0.450000 0.533333 0.000000 1.000000 0.503333 0.325000
0.700000 1.000000 0.850000 0.676923 1.000000 0.326000 0.416667 0.400000 0.174167 0.116500 0.466667 0.600000 1.000000 0.000000 0.000000 0.000000
0.522222 1.000000 0.825000 0.546154 1.000000 0.388000 0.366667 0.390000 0.108333 0.000000 0.433333 0.533333 0.000000 0.000000 0.430000 0.562500
0.544444 1.000000 0.905000 0.615385 1.000000 0.540000 0.333333 0.470000 0.166667 0.200000 0.483333 0.633333 0.000000 0.000000 0.000000 0.000000
0.533333 1.000000 0.860000 0.538462 1.000000 0.422000 0.266667 0.340000 0.302500 0.000000 0.500000 0.666667 0.000000 0.000000 0.346667 0.412500
0.555556 1.000000 0.850000 0.576923 1.000000 0.404000 0.316667 0.390000 0.142500 0.000000 0.566667 0.666667 0.000000 0.000000 0.430000 0.325000
0.711111 1.000000 0.860000 0.523077 1.000000 0.382000 0.333333 0.390000 0.152500 0.000000 0.550000 0.566667 1.000000 0.000000 0.383333 0.287500
0.833333 1.000000 0.920000 0.646154 1.000000 0.302000 0.600000 0.540000 0.060833 0.000000 0.466667 0.533333 0.000000 0.000000 0.273333 0.525000
0.666667 1.000000 0.915000 0.761538 1.000000 0.454000 0.300000 0.420000 0.284167 0.000000 0.466667 0.533333 0.000000 1.000000 0.390000 0.525000
0.711111 1.000000 0.820000 0.653846 1.000000 0.610000 0.433333 0.300000 0.189167 0.140000 0.466667 0.533333 0.000000 0.000000 0.000000 0.000000
0.555556 1.000000 0.860000 0.615385 1.000000 0.540000 0.316667 0.520000 0.112500 0.000000 0.466667 0.600000 0.000000 0.000000 0.636667 0.375000
0.544444 1.000000 0.805000 0.515385 1.000000 0.368000 0.366667 0.380000 0.085000 0.177000 0.466667 0.533333 1.000000 0.000000 0.000000 0.000000
0.622222 1.000000 0.845000 0.595385 1.000000 0.302000 0.383333 0.490000 0.122500 0.158000 0.550000 0.666667 0.000000 0.000000 0.000000 0.000000
0.577778 1.000000 0.800000 0.638462 1.000000 0.654000 0.483333 0.410000 0.083333 0.075000 0.466667 0.533333 1.000000 0.000000 0.000000 0.000000
0.611111 1.000000 0.900000 0.715385 1.000000 0.558000 0.500000 0.240000 0.122500 0.116500 0.633333 0.700000 1.000000 1.000000 0.000000 0.000000
0.766667 1.000000 0.855000 0.469231 1.000000 0.468000 0.266667 0.370000 0.275000 0.000000 0.533333 0.600000 1.000000 0.000000 0.436667 0.412500
0.733333 1.000000 0.850000 0.623077 1.000000 0.442000 0.700000 0.590000 0.150000 0.190000 0.483333 0.566667 1.000000 0.000000 0.000000 0.000000
0.522222 1.000000 0.925000 0.823077 1.000000 0.446000 0.316667 0.470000 0.185000 0.213000 0.550000 0.600000 0.000000 0.000000 0.000000 0.000000
0.522222 1.000000 0.815000 0.561538 0.000000 0.394000 0.300000 0.270000 0.176667 0.227500 0.366667 0.533333 0.000000 0.000000 0.000000 0.000000
0.577778 1.000000 0.795000 0.509231 1.000000 0.486000 0.300000 0.340000 0.176667 0.227500 0.450000 0.600000 0.000000 0.000000 0.000000 0.000000
0.400000 1.000000 0.860000 0.653846 1.000000 0.370000 0.333333 0.320000 0.182500 0.200000 0.366667 0.433333 1.000000 1.000000 0.000000 0.000000
0.477778 1.000000 0.820000 0.726923 1.000000 0.560000 0.416667 0.380000 0.150000 0.150000 0.466667 0.600000 1.000000 0.000000 0.000000 0.000000
0.511111 1.000000 0.870000 0.673077 1.000000 0.576000 0.400000 0.340000 0.197500 0.158000 0.500000 0.600000 0.000000 0.000000 0.000000 0.000000
0.755556 1.000000 0.795000 0.446154 1.000000 0.526000 0.266667 0.430000 0.109167 0.000000 0.566667 0.666667 1.000000 0.000000 0.646667 0.475000
0.755556 1.000000 0.900000 0.730769 1.000000 0.534000 0.250000 0.400000 0.218333 0.000000 0.500000 0.533333 0.000000 0.000000 0.583333 0.437500
0.844444 1.000000 0.865000 0.607692 0.000000 0.352000 0.416667 0.440000 0.209167 0.000000 0.500000 0.666667 1.000000 0.000000 0.273333 0.612500
0.700000 1.000000 0.855000 0.661538 1.000000 0.474000 0.450000 0.370000 0.200000 0.135000 0.450000 0.566667 0.000000 0.000000 0.000000 0.000000
0.722222 1.000000 0.860000 0.661538 0.000000 0.452000 0.366667 0.510000 0.193333 0.000000 0.466667 0.633333 0.000000 0.000000 0.430000 0.337500
0.666667 1.000000 0.800000 0.530769 1.000000 0.352000 0.466667 0.530000 0.105833 0.130000 0.466667 0.600000 1.000000 0.000000 0.000000 0.000000
0.644444 1.000000 0.855000 0.586154 1.000000 0.524000 0.300000 0.240000 0.258333 0.227500 0.566667 0.633333 1.000000 0.000000 0.000000 0.000000
0.711111 1.000000 0.885000 0.684615 1.000000 0.400000 0.400000 0.400000 0.167500 0.158000 0.600000 0.600000 0.000000 0.000000 0.000000 0.000000
0.488889 1.000000 0.860000 0.634615 1.000000 0.558000 0.433333 0.370000 0.105000 0.142000 0.366667 0.533333 0.000000 0.000000 0.000000 0.000000
0.655556 1.000000 0.850000 0.523077 1.000000 0.488000 0.300000 0.440000 0.089167 0.000000 0.466667 0.533333 1.000000 0.000000 0.546667 0.375000
0.666667 1.000000 0.885000 0.653846 1.000000 0.446000 0.316667 0.430000 0.209167 0.000000 0.433333 0.500000 0.000000 0.000000 0.433333 0.517500
0.522222 1.000000 0.870000 0.692308 1.000000 0.336000 0.366667 0.370000 0.105000 0.000000 0.500000 0.600000 0.000000 1.000000 0.353333 0.312500
0.477778 1.000000 0.830000 0.538462 1.000000 0.564000 0.250000 0.430000 0.265000 0.000000 0.400000 0.466667 1.000000 0.000000 0.583333 0.325000
0.722222 1.000000 0.810000 0.507692 1.000000 0.550000 0.516667 0.660000 0.178333 0.136000 0.400000 0.466667 1.000000 0.000000 0.000000 0.000000
0.711111 1.000000 0.840000 0.635385 1.000000 0.472000 0.483333 0.360000 0.096667 0.122000 0.533333 0.600000 1.000000 0.000000 0.000000 0.000000
0.744444 1.000000 0.795000 0.515385 1.000000 0.340000 0.366667 0.380000 0.074167 0.000000 0.466667 0.533333 0.000000 1.000000 0.380000 0.487500
0.755556 1.000000 0.855000 0.561538 0.000000 0.404000 0.316667 0.390000 0.074167 0.000000 0.400000 0.533333 1.000000 0.000000 0.490000 0.325000
0.533333 1.000000 0.835000 0.657692 1.000000 0.446000 0.466667 0.460000 0.078333 0.128500 0.566667 0.700000 0.000000 0.000000 0.000000 0.000000
0.688889 1.000000 0.850000 0.628462 1.000000 0.354000 0.433333 0.360000 0.110833 0.142000 0.600000 0.666667 1.000000 0.000000 0.000000 0.000000
0.611111 1.000000 0.875000 0.538462 1.000000 0.452000 0.266667 0.320000 0.073333 0.000000 0.466667 0.533333 1.000000 0.000000 0.586667 0.475000
0.666667 0.000000 0.745000 0.492308 0.000000 0.702000 0.200000 0.430000 0.176667 0.000000 0.500000 0.600000 0.000000 0.000000 0.886667 0.311250
0.522222 1.000000 0.790000 0.513077 1.000000 0.386000 0.000000 0.490000 0.087500 0.100000 0.146667 0.800000 0.000000 0.000000 0.000000 0.000000
0.366667 0.000000 0.765000 0.361538 1.000000 0.284000 0.483333 0.590000 0.048333 0.122000 0.450000 0.600000 1.000000 0.000000 0.000000 0.000000
0.677778 0.000000 0.750000 0.376923 0.000000 0.380000 0.533333 0.550000 0.045833 0.106000 0.433333 0.533333 0.000000 0.000000 0.000000 0.000000
0.733333 0.000000 0.775000 0.384615 0.000000 0.366000 0.383333 0.570000 0.094167 0.167000 0.433333 0.533333 0.000000 0.000000 0.000000 0.000000
0.766667 1.000000 0.840000 0.546154 1.000000 0.382000 0.433333 0.420000 0.095000 0.116500 0.450000 0.500000 1.000000 0.000000 0.000000 0.000000
0.577778 1.000000 0.875000 0.784615 1.000000 0.480000 0.283333 0.420000 0.146667 0.000000 0.500000 0.600000 0.000000 0.000000 0.543333 0.300000
0.511111 0.000000 0.800000 0.438462 0.000000 0.524000 0.400000 0.510000 0.116667 0.158000 0.366667 0.466667 0.000000 0.000000 0.000000 0.000000
0.600000 0.000000 0.825000 0.415385 0.000000 0.420000 0.583333 0.500000 0.091667 0.092500 0.466667 0.533333 1.000000 0.000000 0.000000 0.000000
0.711111 0.000000 0.790000 0.492308 0.000000 0.546000 0.333333 0.560000 0.177500 0.000000 0.500000 0.600000 0.000000 0.000000 0.550000 0.325000
0.566667 1.000000 0.825000 0.523077 1.000000 0.410000 0.433333 0.530000 0.102500 0.142000 0.466667 0.533333 1.000000 0.000000 0.000000 0.000000
0.577778 1.000000 0.795000 0.407692 0.000000 0.304000 0.483333 0.440000 0.088333 0.116500 0.350000 0.466667 0.000000 0.000000 0.000000 0.000000
0.677778 0.000000 0.800000 0.569231 1.000000 0.456000 0.600000 0.410000 0.068333 0.088500 0.500000 0.600000 1.000000 0.000000 0.000000 0.000000
0.588889 0.000000 0.825000 0.538462 0.000000 0.482000 0.366667 0.530000 0.090833 0.000000 0.500000 0.600000 1.000000 0.000000 0.553333 0.312500
0.411111 1.000000 0.810000 0.496154 1.000000 0.562000 0.400000 0.360000 0.404167 0.158000 0.400000 0.600000 1.000000 0.000000 0.000000 0.000000
0.322222 1.000000 0.910000 0.600000 0.000000 0.316000 0.483333 0.400000 0.039167 0.122000 0.433333 0.533333 0.000000 0.000000 0.000000 0.000000
0.622222 0.000000 0.765000 0.398462 0.000000 0.330000 0.433333 0.350000 0.079167 0.142000 0.500000 0.600000 0.000000 0.000000 0.000000 0.000000
0.611111 1.000000 0.880000 0.523077 0.000000 0.492000 0.266667 0.400000 0.179167 0.000000 0.416667 0.566667 1.000000 0.000000 0.543333 0.250000
0.488889 0.000000 0.775000 0.592308 1.000000 0.444000 0.500000 0.530000 0.109167 0.116500 0.400000 0.533333 0.000000 0.000000 0.000000 0.000000
0.700000 1.000000 0.875000 0.615385 1.000000 0.460000 0.266667 0.370000 0.119167 0.000000 0.433333 0.600000 1.000000 0.000000 0.546667 0.587500
0.700000 0.000000 0.750000 0.346154 0.000000 0.394000 0.416667 0.500000 0.060833 0.000000 0.400000 0.466667 1.000000 0.000000 0.440000 0.300000
0.588889 0.000000 0.770000 0.429231 0.000000 0.372000 0.500000 0.520000 0.049167 0.116500 0.433333 0.566667 0.000000 0.000000 0.000000 0.000000
0.677778 1.000000 0.860000 0.569231 0.000000 0.464000 0.366667 0.520000 0.143333 0.000000 0.483333 0.566667 0.000000 0.000000 0.486667 0.211250
0.522222 1.000000 0.925000 0.823077 1.000000 0.446000 0.316667 0.480000 0.185000 0.213000 0.433333 0.600000 0.000000 0.000000 0.000000 0.000000
0.466667 1.000000 0.860000 0.538462 1.000000 0.492000 0.233333 0.350000 0.179167 0.000000 0.433333 0.566667 0.000000 0.000000 0.560000 0.575000
0.688889 1.000000 0.860000 0.538462 0.000000 0.266000 0.416667 0.340000 0.059167 0.000000 0.466667 0.733333 1.000000 0.000000 0.283333 0.575000
0.677778 1.000000 0.850000 0.715385 1.000000 0.446000 0.500000 0.490000 0.126667 0.116500 0.500000 0.533333 1.000000 1.000000 0.000000 0.000000
0.711111 1.000000 0.825000 0.584615 1.000000 0.340000 0.383333 0.390000 0.127500 0.000000 0.500000 0.533333 1.000000 0.000000 0.336667 0.275000
0.688889 1.000000 0.805000 0.505385 1.000000 0.340000 0.500000 0.590000 0.074167 0.092500 0.633333 0.700000 0.000000 0.000000 0.000000 0.000000
0.533333 0.000000 0.790000 0.546154 0.000000 0.396000 0.450000 0.560000 0.084167 0.107000 0.500000 0.533333 0.000000 0.000000 0.000000 0.000000
0.633333 0.000000 0.765000 0.513846 1.000000 0.404000 0.500000 0.460000 0.074167 0.116500 0.433333 0.533333 0.000000 0.000000 0.000000 0.000000
0.622222 1.000000 0.860000 0.538462 1.000000 0.452000 0.300000 0.400000 0.125000 0.000000 0.433333 0.566667 0.000000 0.000000 0.520000 0.500000
0.600000 1.000000 0.810000 0.536154 1.000000 0.426000 0.600000 0.470000 0.039167 0.088500 0.366667 0.466667 0.000000 0.000000 0.000000 0.000000
0.500000 0.000000 0.790000 0.653846 0.000000 0.416000 0.600000 0.490000 0.069167 0.088500 0.383333 0.533333 0.000000 0.000000 0.000000 0.000000
0.444444 1.000000 0.825000 0.623077 1.000000 0.386000 0.450000 0.480000 0.083333 0.135000 0.366667 0.466667 0.000000 0.000000 0.000000 0.000000
0.711111 0.000000 0.800000 0.493077 0.000000 0.464000 0.383333 0.310000 0.181667 0.167000 0.500000 0.666667 0.000000 0.000000 0.000000 0.000000
0.566667 1.000000 0.880000 0.500000 1.000000 0.392000 0.466667 0.350000 0.092500 0.128500 0.433333 0.600000 0.000000 0.000000 0.000000 0.000000
0.600000 1.000000 0.865000 0.702308 0.000000 0.454000 0.566667 0.430000 0.070000 0.097000 0.466667 0.600000 0.000000 0.000000 0.000000 0.000000
0.744444 1.000000 0.850000 0.553846 1.000000 0.484000 0.316667 0.450000 0.145833 0.000000 0.433333 0.600000 0.000000 0.000000 0.540000 0.437500
0.677778 1.000000 0.820000 0.488462 0.000000 0.480000 0.466667 0.420000 0.125833 0.128500 0.550000 0.666667 1.000000 1.000000 0.000000 0.000000
0.666667 1.000000 0.830000 0.607692 1.000000 0.468000 0.266667 0.370000 0.105833 0.000000 0.500000 0.600000 1.000000 0.000000 0.573333 0.625000
0.644444 0.000000 0.800000 0.610769 0.000000 0.458000 0.550000 0.610000 0.115000 0.101500 0.533333 0.600000 0.000000 0.000000 0.000000 0.000000
0.500000 0.000000 0.805000 0.538462 0.000000 0.408000 0.400000 0.500000 0.110000 0.000000 0.533333 0.600000 1.000000 0.000000 0.426667 0.533750
0.655556 0.000000 0.805000 0.738462 0.000000 0.370000 0.450000 0.480000 0.127500 0.135000 0.450000 0.600000 1.000000 0.000000 0.000000 0.000000
0.677778 0.000000 0.825000 0.461538 0.000000 0.488000 0.250000 0.380000 0.250833 0.000000 0.500000 0.666667 1.000000 0.000000 0.486667 0.312500
0.722222 1.000000 0.850000 0.623077 0.000000 0.416000 0.333333 0.420000 0.126667 0.000000 0.566667 0.600000 0.000000 0.000000 0.453333 0.512500
0.577778 0.000000 0.775000 0.513846 1.000000 0.540000 0.333333 0.330000 0.250000 0.200000 0.416667 0.533333 1.000000 0.000000 0.000000 0.000000
0.433333 1.000000 0.855000 0.596154 1.000000 0.546000 0.483333 0.300000 0.176667 0.122000 0.400000 0.600000 1.000000 0.000000 0.000000 0.000000
0.766667 0.000000 0.800000 0.538462 0.000000 0.422000 0.400000 0.510000 0.070833 0.000000 0.416667 0.533333 0.000000 0.000000 0.476667 0.450000
0.744444 1.000000 0.860000 0.538462 0.000000 0.380000 0.350000 0.400000 0.102500 0.000000 0.533333 0.533333 0.000000 0.000000 0.416667 0.375000
0.211111 1.000000 0.875000 0.531538 0.000000 0.302000 0.633333 0.540000 0.035833 0.081500 0.433333 0.533333 0.000000 0.000000 0.000000 0.000000
0.677778 0.000000 0.785000 0.506154 0.000000 0.434000 0.483333 0.440000 0.208333 0.122000 0.466667 0.533333 1.000000 0.000000 0.000000 0.000000
0.800000 1.000000 0.860000 0.538462 1.000000 0.348000 0.550000 0.570000 0.084167 0.000000 0.500000 0.466667 1.000000 0.000000 0.323333 0.437500
0.688889 0.000000 0.750000 0.423077 0.000000 0.376000 0.433333 0.370000 0.101667 0.142000 0.400000 0.466667 1.000000 0.000000 0.000000 0.000000
0.500000 1.000000 0.875000 0.661538 1.000000 0.598000 0.150000 0.410000 0.680000 0.500000 0.500000 0.666667 0.000000 0.000000 0.000000 0.000000
0.722222 1.000000 0.825000 0.592308 1.000000 0.500000 0.283333 0.420000 0.143333 0.000000 0.466667 0.533333 0.000000 0.000000 0.613333 0.500000
0.800000 0.000000 0.840000 0.461538 0.000000 0.420000 0.250000 0.320000 0.077500 0.000000 0.466667 0.466667 1.000000 0.000000 0.530000 0.662500
0.566667 1.000000 0.855000 0.684615 1.000000 0.422000 0.350000 0.450000 0.254167 0.000000 0.400000 0.533333 0.000000 0.000000 0.350000 0.487500
0.655556 0.000000 0.820000 0.570769 0.000000 0.494000 0.350000 0.340000 0.191667 0.185000 0.483333 0.500000 1.000000 0.000000 0.000000 0.000000
0.633333 0.000000 0.775000 0.372308 1.000000 0.380000 0.583333 0.600000 0.092500 0.092500 0.500000 0.600000 0.000000 0.000000 0.000000 0.000000
0.700000 1.000000 0.845000 0.501538 1.000000 0.294000 0.483333 0.360000 0.141667 0.122000 0.350000 0.400000 1.000000 0.000000 0.000000 0.000000
0.644444 0.000000 0.805000 0.490769 0.000000 0.376000 0.483333 0.500000 0.070000 0.122000 0.400000 0.533333 1.000000 0.000000 0.000000 0.000000
0.566667 0.000000 0.825000 0.494615 0.000000 0.428000 0.383333 0.620000 0.080000 0.167000 0.450000 0.566667 1.000000 0.000000 0.000000 0.000000
0.766667 0.000000 0.800000 0.500000 0.000000 0.232000 0.666667 0.470000 0.216667 0.000000 0.366667 0.466667 1.000000 0.000000 0.056667 0.562500
0.544444 1.000000 0.895000 0.600000 1.000000 0.440000 0.616667 0.510000 0.055000 0.085000 0.450000 0.600000 0.000000 0.000000 0.000000 0.000000
0.322222 0.000000 0.785000 0.554615 0.000000 0.430000 0.450000 0.480000 0.130000 0.135000 0.466667 0.566667 1.000000 0.000000 0.000000 0.000000
0.344444 0.000000 0.775000 0.543077 1.000000 0.272000 0.550000 0.520000 0.111667 0.101500 0.400000 0.500000 0.000000 0.000000 0.000000 0.000000
0.488889 1.000000 0.900000 0.692308 1.000000 0.566000 0.533333 0.480000 0.094167 0.106000 0.416667 0.600000 0.000000 0.000000 0.000000 0.000000
0.533333 0.000000 0.830000 0.442308 0.000000 0.404000 0.716667 0.690000 0.038333 0.066000 0.400000 0.533333 1.000000 0.000000 0.000000 0.000000
0.622222 1.000000 0.850000 0.584615 1.000000 0.548000 0.266667 0.450000 0.120833 0.000000 0.450000 0.566667 1.000000 0.000000 0.666667 0.462500
0.655556 0.000000 0.760000 0.530000 0.000000 0.396000 0.550000 0.360000 0.098333 0.122000 0.450000 0.533333 0.000000 0.000000 0.000000 0.000000
0.433333 0.000000 0.780000 0.534615 0.000000 0.436000 0.500000 0.450000 0.141667 0.116500 0.500000 0.666667 0.000000 0.000000 0.000000 0.000000
0.533333 1.000000 0.925000 0.653846 1.000000 0.422000 0.433333 0.470000 0.076667 0.180000 0.466667 0.600000 1.000000 0.000000 0.000000 0.000000
0.455556 1.000000 0.780000 0.523077 1.000000 0.380000 0.300000 0.350000 0.126667 0.000000 0.400000 0.533333 1.000000 0.000000 0.416667 0.500000
0.500000 0.000000 0.800000 0.584615 1.000000 0.460000 0.350000 0.490000 0.199167 0.000000 0.466667 0.533333 1.000000 0.000000 0.443333 0.375000
0.433333 1.000000 0.840000 0.523077 1.000000 0.508000 0.500000 0.230000 0.116667 0.116500 0.400000 0.533333 0.000000 0.000000 0.000000 0.000000
0.544444 1.000000 0.845000 0.626154 0.000000 0.470000 0.483333 0.570000 0.090833 0.122000 0.466667 0.600000 1.000000 0.000000 0.000000 0.000000
0.544444 1.000000 0.875000 0.838462 1.000000 0.432000 0.316667 0.410000 0.305000 0.000000 0.450000 0.600000 0.000000 0.000000 0.340000 0.533750
0.700000 1.000000 0.860000 0.538462 1.000000 0.446000 0.300000 0.400000 0.125000 0.000000 0.433333 0.600000 1.000000 0.000000 0.510000 0.247500
0.644444 1.000000 0.865000 0.830769 1.000000 0.264000 0.483333 0.380000 0.080833 0.000000 0.533333 0.600000 0.000000 0.000000 0.250000 0.437500
0.622222 1.000000 0.830000 0.709231 1.000000 0.362000 0.633333 0.550000 0.114167 0.081500 0.400000 0.466667 0.000000 0.000000 0.000000 0.000000
0.488889 0.000000 0.745000 0.376923 1.000000 0.328000 0.433333 0.430000 0.090000 0.142000 0.433333 0.566667 0.000000 1.000000 0.000000 0.000000
0.722222 0.000000 0.740000 0.503077 0.000000 0.428000 0.500000 0.380000 0.088333 0.116500 0.416667 0.566667 0.000000 0.000000 0.000000 0.000000
0.711111 1.000000 0.830000 0.484615 1.000000 0.376000 0.383333 0.390000 0.088333 0.167000 0.483333 0.500000 0.000000 0.000000 0.000000 0.000000
0.622222 1.000000 0.950000 0.746154 1.000000 0.580000 0.216667 0.380000 0.276667 0.000000 0.533333 0.666667 0.000000 0.000000 0.623333 0.437500
0.444444 1.000000 0.865000 0.646154 1.000000 0.390000 0.666667 0.390000 0.141667 0.075000 0.333333 0.533333 1.000000 1.000000 0.000000 0.000000
0.777778 1.000000 0.920000 0.653846 0.000000 0.376000 0.350000 0.400000 0.088333 0.000000 0.366667 0.533333 0.000000 1.000000 0.423333 0.725000
0.588889 0.000000 0.775000 0.415385 0.000000 0.448000 0.333333 0.440000 0.121667 0.000000 0.566667 0.600000 1.000000 0.000000 0.503333 0.412500
0.744444 0.000000 0.825000 0.515385 0.000000 0.442000 0.400000 0.530000 0.110000 0.000000 0.500000 0.600000 1.000000 0.000000 0.473333 0.350000
0.622222 1.000000 0.815000 0.653846 1.000000 0.460000 0.533333 0.460000 0.092500 0.106000 0.433333 0.533333 1.000000 0.000000 0.000000 0.000000
0.755556 1.000000 0.835000 0.461538 1.000000 0.492000 0.250000 0.370000 0.147500 0.000000 0.450000 0.600000 0.000000 0.000000 0.580000 0.625000
0.711111 1.000000 0.840000 0.530769 0.000000 0.680000 0.200000 0.410000 0.314167 0.000000 0.400000 0.600000 0.000000 0.000000 0.746667 0.625000
0.377778 1.000000 0.895000 0.623077 1.000000 0.568000 0.250000 0.420000 0.240833 0.000000 0.366667 0.466667 1.000000 0.000000 0.613333 0.375000
0.788889 1.000000 0.825000 0.538462 0.000000 0.370000 0.350000 0.390000 0.342500 0.000000 0.516667 0.500000 1.000000 0.000000 0.213333 0.312500
0.555556 1.000000 0.835000 0.623077 1.000000 0.462000 0.333333 0.530000 0.166667 0.200000 0.433333 0.600000 0.000000 0.000000 0.000000 0.000000
0.444444 1.000000 0.810000 0.553846 1.000000 0.308000 0.216667 0.590000 0.150000 0.135000 0.400000 0.500000 1.000000 0.000000 0.000000 0.000000
0.755556 1.000000 0.850000 0.576923 1.000000 0.300000 0.616667 0.560000 0.170000 0.000000 0.366667 0.400000 0.000000 0.000000 0.176667 0.777500
0.688889 1.000000 0.860000 0.538462 1.000000 0.392000 0.333333 0.400000 0.166667 0.000000 0.600000 0.733333 1.000000 1.000000 0.386667 0.500000
0.644444 1.000000 0.820000 0.569231 1.000000 0.454000 0.416667 0.390000 0.121667 0.150000 0.400000 0.533333 1.000000 0.000000 0.000000 0.000000
0.677778 1.000000 0.860000 0.538462 1.000000 0.568000 0.183333 0.280000 0.206667 0.000000 0.566667 0.600000 1.000000 0.000000 0.686667 0.570000
0.777778 0.000000 0.755000 0.476923 0.000000 0.542000 0.283333 0.470000 0.110000 0.000000 0.566667 0.600000 0.000000 0.000000 0.656667 0.375000
0.588889 0.000000 0.875000 0.538462 0.000000 0.570000 0.266667 0.460000 0.104167 0.000000 0.466667 0.533333 1.000000 1.000000 0.713333 0.437500
0.511111 1.000000 0.860000 0.538462 1.000000 0.400000 0.300000 0.370000 0.115833 0.000000 0.516667 0.666667 1.000000 0.000000 0.450000 0.312500
0.377778 1.000000 0.890000 0.603846 0.000000 0.514000 0.500000 0.370000 0.085833 0.116500 0.466667 0.600000 0.000000 0.000000 0.000000 0.000000
0.511111 0.000000 0.800000 0.560000 0.000000 0.536000 0.533333 0.570000 0.108333 0.106000 0.400000 0.533333 1.000000 0.000000 0.000000 0.000000
0.711111 1.000000 0.845000 0.607692 1.000000 0.364000 0.400000 0.440000 0.103333 0.000000 0.533333 0.666667 1.000000 0.000000 0.376667 0.312500
0.666667 1.000000 0.875000 0.584615 1.000000 0.328000 0.400000 0.400000 0.085000 0.000000 0.433333 0.533333 0.000000 0.000000 0.306667 0.525000
0.666667 0.000000 0.750000 0.453846 0.000000 0.454000 0.350000 0.470000 0.066667 0.000000 0.533333 0.600000 0.000000 0.000000 0.546667 0.475000
0.666667 1.000000 0.850000 0.580769 1.000000 0.336000 0.583333 0.520000 0.101667 0.092500 0.466667 0.533333 0.000000 0.000000 0.000000 0.000000
0.455556 1.000000 0.830000 0.615385 1.000000 0.456000 0.300000 0.380000 0.158333 0.227500 0.466667 0.533333 1.000000 0.000000 0.000000 0.000000
0.688889 1.000000 0.860000 0.584615 0.000000 0.452000 0.266667 0.360000 0.172500 0.000000 0.483333 0.533333 0.000000 0.000000 0.496667 0.300000
0.411111 1.000000 0.875000 0.707692 1.000000 0.322000 0.333333 0.320000 0.140000 0.000000 0.416667 0.533333 1.000000 1.000000 0.316667 0.525000
0.477778 1.000000 0.845000 0.660000 1.000000 0.482000 0.450000 0.420000 0.145833 0.135000 0.416667 0.600000 0.000000 0.000000 0.000000 0.000000
0.622222 1.000000 0.830000 0.560000 1.000000 0.376000 0.416667 0.470000 0.095000 0.122000 0.400000 0.466667 1.000000 0.000000 0.000000 0.000000
0.733333 0.000000 0.800000 0.434615 1.000000 0.504000 0.550000 0.430000 0.090833 0.101500 0.466667 0.600000 0.000000 0.000000 0.000000 0.000000
0.611111 0.000000 0.820000 0.515385 0.000000 0.498000 0.583333 0.430000 0.079167 0.092500 0.466667 0.533333 0.000000 0.000000 0.000000 0.000000
0.766667 1.000000 0.805000 0.500000 1.000000 0.420000 0.583333 0.400000 0.063333 0.092500 0.416667 0.500000 1.000000 0.000000 0.000000 0.000000
0.688889 0.000000 0.775000 0.521538 1.000000 0.430000 0.500000 0.430000 0.076667 0.116500 0.550000 0.500000 1.000000 0.000000 0.000000 0.000000
0.722222 0.000000 0.775000 0.453846 0.000000 0.482000 0.333333 0.490000 0.172500 0.000000 0.466667 0.600000 0.000000 0.000000 0.503333 0.400000
0.577778 0.000000 0.800000 0.423077 0.000000 0.412000 0.283333 0.360000 0.099167 0.000000 0.383333 0.433333 1.000000 0.000000 0.486667 0.525000
0.622222 1.000000 0.875000 0.465385 1.000000 0.548000 0.466667 0.460000 0.063333 0.128500 0.466667 0.566667 1.000000 0.000000 0.000000 0.000000
0.655556 1.000000 0.900000 0.576923 1.000000 0.412000 0.400000 0.380000 0.154167 0.158000 0.500000 0.633333 0.000000 0.000000 0.000000 0.000000
0.644444 0.000000 0.750000 0.534615 0.000000 0.382000 0.550000 0.470000 0.077500 0.101500 0.450000 0.600000 1.000000 0.000000 0.000000 0.000000
0.533333 1.000000 0.885000 0.553846 1.000000 0.550000 0.233333 0.380000 0.151667 0.000000 0.416667 0.533333 0.000000 0.000000 0.670000 0.375000
0.555556 1.000000 0.875000 0.676923 1.000000 0.434000 0.250000 0.330000 0.260000 0.000000 0.433333 0.600000 1.000000 0.000000 0.406667 0.375000
0.744444 0.000000 0.805000 0.469231 0.000000 0.394000 0.350000 0.420000 0.421667 0.000000 0.533333 0.533333 1.000000 1.000000 0.183333 0.312500
0.577778 1.000000 0.855000 0.606923 1.000000 0.500000 0.266667 0.390000 0.211667 0.000000 0.400000 0.533333 1.000000 0.000000 0.533333 0.325000
0.600000 1.000000 0.860000 0.546154 1.000000 0.454000 0.233333 0.330000 0.080000 0.000000 0.500000 0.566667 1.000000 0.000000 0.583333 0.437500
0.544444 0.000000 0.785000 0.433077 0.000000 0.536000 0.550000 0.750000 0.065833 0.101500 0.433333 0.533333 0.000000 0.000000 0.000000 0.000000
0.655556 1.000000 0.930000 0.692308 1.000000 0.482000 0.283333 0.400000 0.178333 0.000000 0.400000 0.533333 1.000000 1.000000 0.526667 0.437500
0.555556 1.000000 0.845000 0.538462 1.000000 0.692000 0.250000 0.440000 0.389167 0.283000 0.416667 0.533333 1.000000 1.000000 0.000000 0.000000
0.588889 1.000000 0.815000 0.549231 1.000000 0.486000 0.233333 0.470000 0.354167 0.307000 0.383333 0.533333 0.000000 1.000000 0.000000 0.000000
0.811111 1.000000 0.840000 0.646154 1.000000 0.400000 0.283333 0.340000 0.166667 0.000000 0.500000 0.633333 0.000000 0.000000 0.420000 0.525000
0.688889 1.000000 0.895000 0.623077 1.000000 0.326000 0.350000 0.590000 0.145833 0.135000 0.466667 0.600000 1.000000 1.000000 0.000000 0.000000
0.566667 1.000000 0.855000 0.515385 1.000000 0.540000 0.433333 0.350000 0.161667 0.142000 0.366667 0.533333 0.000000 0.000000 0.000000 0.000000
0.600000 1.000000 0.850000 0.530769 1.000000 0.576000 0.450000 0.500000 0.167500 0.130000 0.450000 0.466667 0.000000 0.000000 0.000000 0.000000
0.588889 0.000000 0.825000 0.553846 1.000000 0.616000 0.450000 0.410000 0.356667 0.135000 0.566667 0.600000 1.000000 1.000000 0.000000 0.000000
0.777778 1.000000 0.850000 0.538462 1.000000 0.280000 0.450000 0.380000 0.081667 0.000000 0.400000 0.466667 0.000000 0.000000 0.276667 0.437500
0.455556 1.000000 0.885000 0.695385 1.000000 0.506000 0.483333 0.500000 0.115833 0.122000 0.433333 0.533333 1.000000 0.000000 0.000000 0.000000
0.533333 1.000000 0.845000 0.530769 1.000000 0.514000 0.233333 0.480000 0.191667 0.107000 0.466667 0.600000 1.000000 0.000000 0.000000 0.000000
0.466667 1.000000 0.855000 0.616923 0.000000 0.338000 0.683333 0.610000 0.116667 0.071500 0.366667 0.533333 1.000000 0.000000 0.000000 0.000000
0.711111 1.000000 0.805000 0.553846 1.000000 0.414000 0.333333 0.410000 0.244167 0.000000 0.566667 0.633333 1.000000 0.000000 0.356667 0.443750
0.711111 1.000000 0.825000 0.638462 1.000000 0.500000 0.266667 0.400000 0.150000 0.000000 0.533333 0.533333 0.000000 0.000000 0.580000 0.312500
0.711111 1.000000 0.850000 0.484615 1.000000 0.410000 0.300000 0.380000 0.093333 0.000000 0.533333 0.600000 1.000000 1.000000 0.483333 0.270000
0.588889 1.000000 0.900000 0.673846 1.000000 0.444000 0.383333 0.510000 0.158333 0.167000 0.333333 0.466667 0.000000 0.000000 0.000000 0.000000
0.444444 0.000000 0.780000 0.476923 0.000000 0.508000 0.600000 0.450000 0.073333 0.088500 0.400000 0.533333 0.000000 0.000000 0.000000 0.000000
0.611111 0.000000 0.790000 0.584615 1.000000 0.444000 0.450000 0.390000 0.088333 0.135000 0.550000 0.600000 0.000000 0.000000 0.000000 0.000000
0.733333 1.000000 0.810000 0.719231 1.000000 0.332000 0.450000 0.200000 0.097500 0.135000 0.433333 0.533333 1.000000 0.000000 0.000000 0.000000
0.711111 1.000000 0.845000 0.615385 1.000000 0.364000 0.400000 0.440000 0.103333 0.000000 0.533333 0.666667 0.000000 0.000000 0.376667 0.312500
0.433333 1.000000 0.895000 0.676923 1.000000 0.386000 0.366667 0.430000 0.198333 0.000000 0.466667 0.466667 1.000000 0.000000 0.333333 0.312500
0.655556 1.000000 0.855000 0.630769 1.000000 0.408000 0.333333 0.420000 0.229167 0.000000 0.500000 0.600000 1.000000 0.000000 0.356667 0.362500
0.522222 0.000000 0.820000 0.586923 0.000000 0.320000 0.733333 0.470000 0.070000 0.065000 0.450000 0.566667 1.000000 0.000000 0.000000 0.000000
0.733333 1.000000 0.860000 0.576923 0.000000 0.348000 0.333333 0.350000 0.114167 0.000000 0.466667 0.533333 0.000000 0.000000 0.373333 0.375000
0.666667 1.000000 0.825000 0.496154 1.000000 0.346000 0.366667 0.590000 0.060000 0.101500 0.466667 0.566667 1.000000 0.000000 0.000000 0.000000
0.500000 0.000000 0.800000 0.565385 0.000000 0.374000 0.483333 0.590000 0.100000 0.122000 0.350000 0.466667 1.000000 0.000000 0.000000 0.000000
0.433333 1.000000 0.820000 0.459231 1.000000 0.608000 0.433333 0.530000 0.200000 0.142000 0.466667 0.566667 0.000000 1.000000 0.000000 0.000000
0.444444 0.000000 0.800000 0.519231 1.000000 0.370000 0.583333 0.520000 0.059167 0.092500 0.433333 0.533333 0.000000 0.000000 0.000000 0.000000
0.522222 1.000000 0.905000 0.675385 1.000000 0.522000 0.483333 0.480000 0.090000 0.122000 0.500000 0.600000 0.000000 0.000000 0.000000 0.000000
0.511111 0.000000 0.810000 0.465385 0.000000 0.536000 0.500000 0.470000 0.087500 0.116500 0.500000 0.600000 0.000000 0.000000 0.000000 0.000000
0.666667 1.000000 0.900000 0.646154 1.000000 0.438000 0.383333 0.190000 0.197500 0.207000 0.433333 0.600000 1.000000 1.000000 0.000000 0.000000
0.722222 1.000000 0.850000 0.538462 1.000000 0.500000 0.333333 0.500000 0.125000 0.000000 0.500000 0.600000 0.000000 0.000000 0.566667 0.312500
0.766667 0.000000 0.745000 0.438462 0.000000 0.434000 0.500000 0.440000 0.109167 0.116500 0.400000 0.566667 1.000000 0.000000 0.000000 0.000000
0.444444 1.000000 0.875000 0.615385 1.000000 0.438000 0.250000 0.320000 0.147500 0.000000 0.400000 0.600000 0.000000 0.000000 0.506667 0.312500
0.666667 1.000000 0.850000 0.584615 1.000000 0.538000 0.550000 0.490000 0.186667 0.101500 0.433333 0.533333 0.000000 0.000000 0.000000 0.000000
0.622222 1.000000 0.815000 0.492308 1.000000 0.318000 0.550000 0.540000 0.103333 0.101500 0.500000 0.666667 0.000000 0.000000 0.000000 0.000000
0.511111 1.000000 0.825000 0.561538 1.000000 0.490000 0.366667 0.290000 0.112500 0.177000 0.416667 0.533333 0.000000 0.000000 0.000000 0.000000
0.655556 1.000000 0.860000 0.538462 1.000000 0.400000 0.333333 0.400000 0.145833 0.000000 0.533333 0.666667 1.000000 0.000000 0.416667 0.367500
0.422222 1.000000 0.835000 0.546154 1.000000 0.408000 0.500000 0.470000 0.099167 0.116500 0.416667 0.566667 0.000000 0.000000 0.000000 0.000000
0.477778 0.000000 0.800000 0.600000 0.000000 0.478000 0.483333 0.400000 0.125000 0.122000 0.433333 0.533333 0.000000 0.000000 0.000000 0.000000
0.655556 1.000000 0.860000 0.569231 0.000000 0.278000 0.400000 0.330000 0.125000 0.000000 0.400000 0.533333 1.000000 0.000000 0.253333 0.651250
0.611111 1.000000 0.820000 0.469231 1.000000 0.456000 0.300000 0.400000 0.205833 0.000000 0.533333 0.600000 1.000000 0.000000 0.460000 0.312500
0.711111 1.000000 0.845000 0.600000 1.000000 0.504000 0.450000 0.320000 0.108333 0.135000 0.466667 0.600000 0.000000 0.000000 0.000000 0.000000
0.488889 1.000000 0.880000 0.615385 1.000000 0.504000 0.616667 0.490000 0.186667 0.081500 0.433333 0.566667 1.000000 0.000000 0.000000 0.000000
0.688889 1.000000 0.850000 0.576923 1.000000 0.446000 0.283333 0.390000 0.180000 0.000000 0.466667 0.533333 0.000000 0.000000 0.470000 0.787500
0.522222 0.000000 0.765000 0.569231 0.000000 0.342000 0.383333 0.400000 0.075000 0.000000 0.366667 0.466667 1.000000 0.000000 0.383333 0.412500
0.611111 0.000000 0.775000 0.473077 0.000000 0.382000 0.483333 0.420000 0.125000 0.122000 0.400000 0.466667 0.000000 0.000000 0.000000 0.000000
0.577778 1.000000 0.875000 0.623077 1.000000 0.438000 0.283333 0.390000 0.145000 0.000000 0.400000 0.533333 1.000000 0.000000 0.483333 0.437500
0.644444 1.000000 0.850000 0.561538 0.000000 0.482000 0.250000 0.370000 0.130833 0.000000 0.533333 0.600000 1.000000 1.000000 0.576667 0.412500
0.466667 0.000000 0.775000 0.429231 0.000000 0.288000 0.566667 0.300000 0.070000 0.097000 0.383333 0.466667 0.000000 0.000000 0.000000 0.000000
0.455556 1.000000 0.900000 0.736923 1.000000 0.580000 0.383333 0.440000 0.217500 0.167000 0.400000 0.533333 0.000000 0.000000 0.000000 0.000000
0.633333 0.000000 0.800000 0.505385 0.000000 0.534000 0.366667 0.340000 0.180000 0.177000 0.533333 0.566667 1.000000 0.000000 0.000000 0.000000
0.711111 1.000000 0.850000 0.538462 1.000000 0.334000 0.416667 0.420000 0.116667 0.000000 0.383333 0.600000 0.000000 0.000000 0.323333 0.756250
0.666667 1.000000 0.840000 0.538462 1.000000 0.500000 0.300000 0.340000 0.221667 0.227500 0.400000 0.533333 0.000000 1.000000 0.000000 0.000000
0.522222 1.000000 0.835000 0.492308 1.000000 0.552000 0.316667 0.410000 0.280000 0.213000 0.400000 0.533333 0.000000 0.000000 0.000000 0.000000
0.633333 0.000000 0.815000 0.453846 0.000000 0.470000 0.466667 0.460000 0.111667 0.128500 0.433333 0.533333 1.000000 0.000000 0.000000 0.000000
0.622222 1.000000 0.850000 0.576923 1.000000 0.500000 0.300000 0.450000 0.158333 0.000000 0.333333 0.500000 1.000000 0.000000 0.490000 0.312500
0.555556 1.000000 0.860000 0.600000 1.000000 0.526000 0.200000 0.310000 0.293333 0.000000 0.533333 0.700000 1.000000 0.000000 0.540000 0.275000
0.722222 1.000000 0.750000 0.492308 1.000000 0.438000 0.450000 0.480000 0.168333 0.135000 0.400000 0.466667 1.000000 0.000000 0.000000 0.000000
0.555556 1.000000 0.840000 0.520000 1.000000 0.360000 0.600000 0.310000 0.115000 0.088500 0.416667 0.533333 0.000000 0.000000 0.000000 0.000000
0.688889 1.000000 0.840000 0.576923 1.000000 0.564000 0.216667 0.370000 0.197500 0.000000 0.433333 0.533333 0.000000 0.000000 0.646667 0.362500
0.744444 1.000000 0.890000 0.544615 0.000000 0.218000 0.483333 0.490000 0.062500 0.078500 0.433333 0.500000 1.000000 0.000000 0.000000 0.000000
0.711111 0.000000 0.800000 0.646154 0.000000 0.404000 0.366667 0.450000 0.115000 0.000000 0.433333 0.533333 0.000000 0.000000 0.430000 0.900000
0.444444 1.000000 0.815000 0.553846 1.000000 0.364000 0.350000 0.400000 0.110833 0.188000 0.466667 0.600000 1.000000 0.000000 0.000000 0.000000
0.700000 1.000000 0.845000 0.501538 1.000000 0.294000 0.483333 0.360000 0.141667 0.122000 0.350000 0.400000 1.000000 0.000000 0.000000 0.000000
0.577778 1.000000 0.805000 0.392308 1.000000 0.488000 0.300000 0.430000 0.182500 0.000000 0.466667 0.566667 1.000000 0.000000 0.523333 0.425000
0.788889 0.000000 0.825000 0.615385 0.000000 0.500000 0.333333 0.500000 0.201667 0.000000 0.566667 0.600000 1.000000 0.000000 0.503333 0.650000
0.833333 1.000000 0.875000 0.507692 1.000000 0.396000 0.333333 0.390000 0.092500 0.000000 0.533333 0.533333 1.000000 0.000000 0.456667 0.550000
0.600000 1.000000 0.780000 0.523077 1.000000 0.400000 0.483333 0.350000 0.090000 0.122000 0.433333 0.600000 0.000000 0.000000 0.000000 0.000000
0.511111 0.000000 0.790000 0.469231 0.000000 0.470000 0.466667 0.410000 0.095833 0.128500 0.433333 0.533333 0.000000 0.000000 0.000000 0.000000
0.577778 1.000000 0.805000 0.384615 1.000000 0.488000 0.300000 0.430000 0.182500 0.000000 0.466667 0.566667 1.000000 0.000000 0.523333 0.425000
0.700000 1.000000 0.805000 0.515385 0.000000 0.462000 0.500000 0.620000 0.115000 0.116500 0.433333 0.533333 0.000000 0.000000 0.000000 0.000000
0.655556 1.000000 0.820000 0.538462 1.000000 0.290000 0.300000 0.580000 0.090833 0.128500 0.366667 0.466667 1.000000 0.000000 0.000000 0.000000
0.655556 1.000000 0.875000 0.615385 1.000000 0.444000 0.300000 0.380000 0.135833 0.000000 0.533333 0.666667 1.000000 0.000000 0.490000 0.300000
0.766667 0.000000 0.800000 0.415385 0.000000 0.604000 0.216667 0.400000 0.150000 0.000000 0.633333 0.666667 0.000000 0.000000 0.806667 0.653750
0.644444 1.000000 0.825000 0.584615 1.000000 0.438000 0.433333 0.370000 0.188333 0.142000 0.550000 0.600000 0.000000 0.000000 0.000000 0.000000
0.444444 0.000000 0.795000 0.643846 0.000000 0.320000 0.483333 0.370000 0.115833 0.122000 0.400000 0.600000 0.000000 0.000000 0.000000 0.000000
0.544444 1.000000 0.845000 0.446154 1.000000 0.410000 0.266667 0.350000 0.153333 0.000000 0.483333 0.633333 1.000000 0.000000 0.443333 0.441250
0.688889 1.000000 0.880000 0.607692 1.000000 0.554000 0.233333 0.380000 0.178333 0.000000 0.433333 0.533333 0.000000 0.000000 0.653333 0.412500
0.644444 1.000000 0.870000 0.638462 1.000000 0.616000 0.383333 0.290000 0.131667 0.167000 0.433333 0.533333 0.000000 0.000000 0.000000 0.000000
0.577778 1.000000 0.890000 0.630769 1.000000 0.410000 0.316667 0.400000 0.181667 0.000000 0.466667 0.533333 1.000000 0.000000 0.403333 0.312500
0.400000 0.000000 0.750000 0.351538 1.000000 0.358000 0.600000 0.600000 0.095833 0.088500 0.433333 0.533333 0.000000 0.000000 0.000000 0.000000
0.655556 1.000000 0.865000 0.674615 1.000000 0.674000 0.466667 0.420000 0.183333 0.128500 0.483333 0.566667 1.000000 0.000000 0.000000 0.000000
0.477778 1.000000 0.850000 0.488462 1.000000 0.534000 0.466667 0.470000 0.110833 0.128500 0.516667 0.600000 1.000000 0.000000 0.000000 0.000000
0.500000 0.000000 0.745000 0.436154 0.000000 0.440000 0.350000 0.520000 0.215000 0.188000 0.500000 0.666667 1.000000 0.000000 0.000000 0.000000
0.666667 0.000000 0.780000 0.415385 0.000000 0.554000 0.283333 0.470000 0.059167 0.000000 0.366667 0.400000 0.000000 0.000000 0.710000 0.425000
0.600000 1.000000 0.850000 0.484615 1.000000 0.366000 0.316667 0.360000 0.056667 0.000000 0.400000 0.533333 0.000000 0.000000 0.413333 0.287500
0.700000 1.000000 0.780000 0.469231 1.000000 0.466000 0.483333 0.380000 0.124167 0.120000 0.466667 0.566667 1.000000 0.000000 0.000000 0.000000
0.577778 1.000000 0.825000 0.607692 0.000000 0.464000 0.433333 0.590000 0.192500 0.142000 0.400000 0.466667 1.000000 0.000000 0.000000 0.000000
0.644444 0.000000 0.795000 0.518462 0.000000 0.552000 0.550000 0.380000 0.053333 0.101500 0.433333 0.566667 1.000000 0.000000 0.000000 0.000000
0.511111 1.000000 0.850000 0.423077 1.000000 0.412000 0.316667 0.400000 0.130833 0.000000 0.433333 0.533333 0.000000 0.000000 0.450000 0.390000
0.666667 0.000000 0.825000 0.461538 0.000000 0.452000 0.383333 0.530000 0.121667 0.000000 0.600000 0.600000 1.000000 0.000000 0.480000 0.637500
0.644444 1.000000 0.850000 0.507692 1.000000 0.310000 0.433333 0.400000 0.046667 0.000000 0.366667 0.433333 1.000000 0.000000 0.333333 0.400000
0.733333 1.000000 0.865000 0.753846 1.000000 0.462000 0.266667 0.370000 0.185000 0.000000 0.516667 0.633333 1.000000 0.000000 0.466667 0.468750
0.577778 0.000000 0.800000 0.461538 1.000000 0.524000 0.300000 0.480000 0.143333 0.000000 0.400000 0.466667 1.000000 0.000000 0.600000 0.725000
0.611111 1.000000 0.875000 0.853846 1.000000 0.470000 0.350000 0.410000 0.143333 0.188000 0.500000 0.566667 0.000000 1.000000 0.000000 0.000000
0.566667 0.000000 0.780000 0.534615 0.000000 0.382000 0.483333 0.420000 0.112500 0.122000 0.466667 0.600000 1.000000 0.000000 0.000000 0.000000
0.688889 0.000000 0.775000 0.454615 0.000000 0.494000 0.483333 0.470000 0.051667 0.122000 0.433333 0.533333 0.000000 0.000000 0.000000 0.000000
0.666667 1.000000 0.825000 0.500000 1.000000 0.760000 0.333333 0.400000 0.074167 0.000000 0.433333 0.533333 0.000000 0.000000 1.073333 0.600000
0.600000 0.000000 0.785000 0.515385 0.000000 0.460000 0.416667 0.600000 0.101667 0.150000 0.583333 0.633333 1.000000 0.000000 0.000000 0.000000
0.744444 1.000000 0.825000 0.553846 1.000000 0.408000 0.483333 0.300000 0.141667 0.122000 0.500000 0.566667 1.000000 0.000000 0.000000 0.000000
0.300000 1.000000 0.835000 0.516923 1.000000 0.378000 0.233333 0.210000 0.340833 0.307000 0.400000 0.533333 1.000000 0.000000 0.000000 0.000000
0.577778 1.000000 0.750000 0.453846 1.000000 0.536000 0.216667 0.360000 0.257500 0.000000 0.500000 0.600000 0.000000 0.000000 0.566667 0.597500
0.733333 1.000000 0.855000 0.580769 1.000000 0.516000 0.483333 0.550000 0.149167 0.122000 0.433333 0.533333 0.000000 0.000000 0.000000 0.000000
0.566667 1.000000 0.870000 0.630769 1.000000 0.460000 0.316667 0.440000 0.176667 0.000000 0.500000 0.566667 0.000000 0.000000 0.480000 0.468750
0.733333 1.000000 0.855000 0.469231 1.000000 0.518000 0.250000 0.390000 0.099167 0.000000 0.433333 0.433333 0.000000 0.000000 0.653333 0.525000
0.388889 1.000000 0.850000 0.612308 1.000000 0.430000 0.550000 0.710000 0.102500 0.101500 0.450000 0.633333 0.000000 0.000000 0.000000 0.000000
0.788889 0.000000 0.820000 0.523077 0.000000 0.474000 0.283333 0.400000 0.185000 0.000000 0.533333 0.600000 1.000000 1.000000 0.510000 0.750000
0.722222 1.000000 0.855000 0.593077 1.000000 0.438000 0.300000 0.390000 0.145833 0.122000 0.533333 0.633333 1.000000 0.000000 0.000000 0.000000
0.666667 1.000000 0.875000 0.584615 1.000000 0.328000 0.400000 0.400000 0.085000 0.000000 0.433333 0.533333 0.000000 0.000000 0.306667 0.525000
0.400000 1.000000 0.850000 0.561538 1.000000 0.404000 0.500000 0.500000 0.127500 0.116500 0.466667 0.566667 0.000000 0.000000 0.000000 0.000000
0.688889 1.000000 0.800000 0.461538 0.000000 0.424000 0.383333 0.490000 0.141667 0.000000 0.566667 0.600000 1.000000 0.000000 0.463333 0.875000
0.622222 1.000000 0.780000 0.520769 1.000000 0.538000 0.316667 0.470000 0.169167 0.213000 0.416667 0.500000 0.000000 0.000000 0.000000 0.000000
0.711111 1.000000 0.860000 0.617692 0.000000 0.450000 0.533333 0.300000 0.137500 0.106000 0.433333 0.533333 0.000000 0.000000 0.000000 0.000000
0.733333 0.000000 0.775000 0.453846 0.000000 0.482000 0.333333 0.490000 0.172500 0.000000 0.466667 0.533333 0.000000 0.000000 0.503333 0.400000
0.677778 1.000000 0.835000 0.515385 0.000000 0.428000 0.283333 0.360000 0.194167 0.000000 0.466667 0.533333 0.000000 0.000000 0.440000 0.275000
0.688889 1.000000 0.825000 0.407692 1.000000 0.450000 0.233333 0.320000 0.082500 0.000000 0.433333 0.466667 1.000000 0.000000 0.576667 0.600000
0.644444 1.000000 0.875000 0.684615 1.000000 0.522000 0.233333 0.370000 0.192500 0.000000 0.533333 0.600000 0.000000 0.000000 0.593333 0.462500
0.588889 1.000000 0.845000 0.600000 0.000000 0.312000 0.483333 0.490000 0.083333 0.122000 0.433333 0.533333 1.000000 0.000000 0.000000 0.000000
0.400000 0.000000 0.800000 0.515385 0.000000 0.326000 0.550000 0.450000 0.079167 0.101500 0.400000 0.533333 0.000000 0.000000 0.000000 0.000000
0.555556 1.000000 0.835000 0.546154 1.000000 0.660000 0.500000 0.460000 0.094167 0.116500 0.483333 0.566667 0.000000 0.000000 0.000000 0.000000
0.544444 1.000000 0.825000 0.446154 1.000000 0.540000 0.283333 0.470000 0.205000 0.000000 0.533333 0.600000 1.000000 0.000000 0.580000 0.375000
0.766667 1.000000 0.850000 0.553846 1.000000 0.436000 0.300000 0.390000 0.151667 0.000000 0.533333 0.600000 0.000000 0.000000 0.476667 0.312500
0.500000 1.000000 0.830000 0.565385 1.000000 0.348000 0.533333 0.330000 0.128333 0.106000 0.400000 0.533333 1.000000 0.000000 0.000000 0.000000
0.444444 1.000000 0.850000 0.796923 1.000000 0.428000 0.400000 0.310000 0.125000 0.158000 0.450000 0.600000 1.000000 0.000000 0.000000 0.000000
0.544444 0.000000 0.825000 0.530769 0.000000 0.380000 0.333333 0.390000 0.108333 0.000000 0.433333 0.533333 1.000000 0.000000 0.416667 0.287500
0.688889 1.000000 0.810000 0.476923 1.000000 0.436000 0.316667 0.420000 0.160000 0.000000 0.366667 0.466667 0.000000 0.000000 0.460000 0.837500
0.588889 1.000000 0.840000 0.517692 0.000000 0.396000 0.483333 0.510000 0.049167 0.122000 0.383333 0.466667 0.000000 0.000000 0.000000 0.000000
0.777778 0.000000 0.800000 0.623077 0.000000 0.430000 0.366667 0.470000 0.161667 0.000000 0.566667 0.600000 0.000000 0.000000 0.430000 0.400000
0.644444 0.000000 0.750000 0.534615 0.000000 0.382000 0.550000 0.470000 0.077500 0.101500 0.400000 0.533333 1.000000 0.000000 0.000000 0.000000
0.666667 1.000000 0.860000 0.690000 1.000000 0.378000 0.433333 0.590000 0.220000 0.135000 0.416667 0.533333 0.000000 1.000000 0.000000 0.000000
0.300000 1.000000 0.860000 0.615385 1.000000 0.418000 0.550000 0.490000 0.075833 0.101500 0.400000 0.466667 0.000000 0.000000 0.000000 0.000000
0.722222 1.000000 0.860000 0.538462 1.000000 0.540000 0.250000 0.400000 0.357500 0.000000 0.483333 0.500000 1.000000 0.000000 0.480000 0.500000
0.722222 1.000000 0.850000 0.676923 1.000000 0.316000 0.366667 0.340000 0.185833 0.000000 0.500000 0.600000 1.000000 0.000000 0.263333 0.775000
0.544444 0.000000 0.800000 0.484615 0.000000 0.422000 0.350000 0.440000 0.073333 0.000000 0.433333 0.466667 1.000000 0.000000 0.496667 0.375000
0.700000 1.000000 0.830000 0.630769 1.000000 0.410000 0.566667 0.440000 0.202500 0.097000 0.350000 0.500000 1.000000 0.000000 0.000000 0.000000
0.522222 1.000000 0.835000 0.434615 1.000000 0.642000 0.233333 0.330000 0.435000 0.307000 0.466667 0.600000 1.000000 0.000000 0.000000 0.000000
0.688889 0.000000 0.775000 0.521538 1.000000 0.430000 0.500000 0.330000 0.076667 0.116500 0.550000 0.500000 0.000000 0.000000 0.000000 0.000000
0.688889 1.000000 0.815000 0.548462 1.000000 0.374000 0.400000 0.470000 0.131667 0.158000 0.550000 0.533333 1.000000 1.000000 0.000000 0.000000
0.677778 1.000000 0.890000 0.953846 1.000000 0.544000 0.200000 0.340000 0.207500 0.000000 0.466667 0.600000 1.000000 0.000000 0.626667 0.575000
0.677778 1.000000 0.865000 0.676923 1.000000 0.396000 0.466667 0.550000 0.135833 0.000000 0.533333 0.600000 0.000000 0.000000 0.370000 0.581250
0.755556 1.000000 0.850000 0.646154 1.000000 0.516000 0.166667 0.270000 0.312500 0.000000 0.500000 0.533333 0.000000 1.000000 0.520000 0.700000
0.322222 1.000000 0.900000 0.769231 1.000000 0.400000 0.300000 0.350000 0.158333 0.000000 0.466667 0.600000 0.000000 0.000000 0.423333 0.800000
0.811111 1.000000 0.860000 0.538462 1.000000 0.404000 0.300000 0.370000 0.195000 0.000000 0.533333 0.666667 0.000000 0.000000 0.393333 0.350000
0.655556 1.000000 0.865000 0.615385 1.000000 0.548000 0.383333 0.470000 0.176667 0.167000 0.350000 0.466667 0.000000 0.000000 0.000000 0.000000
0.700000 1.000000 0.870000 0.546154 1.000000 0.360000 0.416667 0.420000 0.266667 0.000000 0.533333 0.733333 1.000000 0.000000 0.246667 0.675000
0.733333 1.000000 0.825000 0.492308 1.000000 0.212000 0.650000 0.410000 0.043333 0.000000 0.466667 0.600000 0.000000 0.000000 0.183333 0.412500
0.466667 1.000000 0.830000 0.523077 1.000000 0.522000 0.466667 0.380000 0.141667 0.128500 0.433333 0.500000 0.000000 0.000000 0.000000 0.000000
0.644444 0.000000 0.825000 0.515385 0.000000 0.448000 0.350000 0.470000 0.166667 0.000000 0.500000 0.533333 1.000000 0.000000 0.456667 0.493750
0.711111 1.000000 0.850000 0.576923 1.000000 0.520000 0.283333 0.430000 0.166667 0.000000 0.400000 0.533333 0.000000 0.000000 0.590000 0.405000
0.655556 1.000000 0.800000 0.573077 1.000000 0.316000 0.350000 0.570000 0.130000 0.188000 0.400000 0.466667 1.000000 0.000000 0.000000 0.000000
0.555556 1.000000 0.840000 0.638462 1.000000 0.480000 0.383333 0.410000 0.290000 0.167000 0.450000 0.566667 0.000000 0.000000 0.000000 0.000000
0.666667 1.000000 0.825000 0.515385 1.000000 0.382000 0.333333 0.390000 0.152500 0.000000 0.566667 0.566667 1.000000 0.000000 0.383333 0.287500
0.455556 0.000000 0.850000 0.539231 0.000000 0.396000 0.433333 0.490000 0.095833 0.142000 0.400000 0.533333 1.000000 0.000000 0.000000 0.000000
0.622222 0.000000 0.830000 0.480769 1.000000 0.498000 0.450000 0.500000 0.096667 0.135000 0.366667 0.400000 1.000000 1.000000 0.000000 0.000000
0.666667 1.000000 0.800000 0.510000 1.000000 0.356000 0.266667 0.430000 0.121667 0.135000 0.500000 0.500000 1.000000 0.000000 0.000000 0.000000
0.722222 1.000000 0.825000 0.533077 0.000000 0.598000 0.433333 0.540000 0.201667 0.142000 0.466667 0.533333 0.000000 0.000000 0.000000 0.000000
0.455556 1.000000 0.840000 0.532308 1.000000 0.408000 0.500000 0.420000 0.081667 0.116500 0.533333 0.566667 0.000000 0.000000 0.000000 0.000000
0.433333 1.000000 0.850000 0.576923 1.000000 0.380000 0.566667 0.400000 0.125000 0.097000 0.433333 0.533333 1.000000 0.000000 0.000000 0.000000
0.844444 0.000000 0.745000 0.500000 0.000000 0.490000 0.316667 0.450000 0.264167 0.000000 0.433333 0.533333 0.000000 0.000000 0.456667 0.572500
0.422222 0.000000 0.805000 0.687692 1.000000 0.400000 0.533333 0.410000 0.071667 0.106000 0.416667 0.600000 1.000000 0.000000 0.000000 0.000000
0.755556 0.000000 0.820000 0.476923 0.000000 0.352000 0.400000 0.420000 0.198333 0.000000 0.533333 0.600000 0.000000 0.000000 0.286667 0.512500
0.711111 0.000000 0.830000 0.453846 1.000000 0.490000 0.283333 0.420000 0.243333 0.000000 0.566667 0.466667 0.000000 0.000000 0.483333 0.533750
0.500000 1.000000 0.865000 0.576923 0.000000 0.438000 0.483333 0.510000 0.071667 0.122000 0.466667 0.600000 0.000000 0.000000 0.000000 0.000000
0.633333 0.000000 0.770000 0.421538 0.000000 0.578000 0.350000 0.390000 0.268333 0.188000 0.400000 0.466667 0.000000 0.000000 0.000000 0.000000
0.688889 1.000000 0.850000 0.623077 0.000000 0.420000 0.316667 0.350000 0.146667 0.213000 0.400000 0.533333 1.000000 0.000000 0.000000 0.000000
0.366667 0.000000 0.805000 0.461538 1.000000 0.386000 0.566667 0.530000 0.049167 0.097000 0.333333 0.466667 0.000000 0.000000 0.000000 0.000000
0.700000 0.000000 0.775000 0.515385 1.000000 0.496000 0.216667 0.330000 0.103333 0.000000 0.400000 0.533333 1.000000 0.000000 0.633333 0.537500
0.677778 1.000000 0.800000 0.523077 1.000000 0.478000 0.266667 0.380000 0.168333 0.000000 0.633333 0.666667 0.000000 0.000000 0.536667 0.350000
0.577778 1.000000 0.865000 0.603077 1.000000 0.532000 0.433333 0.500000 0.202500 0.142000 0.416667 0.533333 1.000000 0.000000 0.000000 0.000000
0.577778 0.000000 0.800000 0.415385 0.000000 0.360000 0.716667 0.400000 0.049167 0.066000 0.400000 0.533333 0.000000 0.000000 0.000000 0.000000
0.744444 0.000000 0.825000 0.576923 0.000000 0.558000 0.250000 0.420000 0.469167 0.000000 0.416667 0.533333 1.000000 1.000000 0.456667 0.512500
0.566667 1.000000 0.815000 0.540769 1.000000 0.494000 0.500000 0.420000 0.083333 0.106000 0.466667 0.533333 0.000000 0.000000 0.000000 0.000000
0.611111 0.000000 0.790000 0.523077 0.000000 0.406000 0.400000 0.480000 0.150833 0.000000 0.450000 0.533333 1.000000 0.000000 0.396667 0.351250
0.633333 1.000000 0.850000 0.676923 0.000000 0.370000 0.316667 0.480000 0.222500 0.213000 0.500000 0.666667 0.000000 0.000000 0.000000 0.000000
0.555556 1.000000 0.865000 0.573846 0.000000 0.298000 0.433333 0.510000 0.078333 0.135000 0.516667 0.566667 0.000000 0.000000 0.000000 0.000000
0.766667 1.000000 0.800000 0.461538 1.000000 0.348000 0.366667 0.390000 0.117500 0.000000 0.366667 0.466667 0.000000 0.000000 0.353333 0.875000
0.666667 1.000000 0.860000 0.538462 1.000000 0.340000 0.383333 0.400000 0.160000 0.000000 0.600000 0.666667 1.000000 1.000000 0.306667 0.562500
0.655556 1.000000 0.880000 0.592308 1.000000 0.494000 0.333333 0.360000 0.196667 0.200000 0.533333 0.600000 0.000000 1.000000 0.000000 0.000000
0.666667 1.000000 0.825000 0.515385 1.000000 0.542000 0.366667 0.600000 0.155833 0.000000 0.466667 0.600000 0.000000 0.000000 0.580000 0.387500
0.733333 0.000000 0.775000 0.411538 0.000000 0.626000 0.450000 0.410000 0.164167 0.135000 0.433333 0.533333 1.000000 0.000000 0.000000 0.000000
0.666667 0.000000 0.800000 0.523077 1.000000 0.432000 0.550000 0.470000 0.152500 0.101500 0.433333 0.533333 0.000000 0.000000 0.000000 0.000000
0.655556 1.000000 0.815000 0.469231 1.000000 0.506000 0.483333 0.350000 0.117500 0.122000 0.433333 0.500000 0.000000 0.000000 0.000000 0.000000
0.611111 0.000000 0.800000 0.646154 1.000000 0.560000 0.300000 0.500000 0.230000 0.000000 0.500000 0.600000 1.000000 1.000000 0.583333 0.350000
0.655556 1.000000 0.850000 0.642308 1.000000 0.272000 0.350000 0.390000 0.116667 0.188000 0.466667 0.466667 0.000000 0.000000 0.000000 0.000000
0.755556 1.000000 0.830000 0.569231 1.000000 0.386000 0.416667 0.400000 0.135000 0.150000 0.533333 0.533333 1.000000 1.000000 0.000000 0.000000
0.877778 0.000000 0.790000 0.500000 1.000000 0.398000 0.266667 0.310000 0.093333 0.000000 0.400000 0.533333 1.000000 0.000000 0.476667 1.060000
0.822222 0.000000 0.800000 0.361538 1.000000 0.502000 0.283333 0.420000 0.115833 0.000000 0.500000 0.533333 0.000000 0.000000 0.603333 0.725000
0.555556 1.000000 0.860000 0.538462 1.000000 0.438000 0.266667 0.380000 0.235000 0.000000 0.500000 0.666667 1.000000 0.000000 0.416667 0.412500
0.733333 1.000000 0.870000 0.649231 1.000000 0.590000 0.466667 0.370000 0.127500 0.128500 0.383333 0.533333 0.000000 0.000000 0.000000 0.000000
0.555556 0.000000 0.790000 0.438462 0.000000 0.470000 0.533333 0.600000 0.058333 0.106000 0.433333 0.533333 0.000000 0.000000 0.000000 0.000000
0.633333 1.000000 0.825000 0.538462 1.000000 0.694000 0.500000 0.340000 0.151667 0.116500 0.433333 0.533333 1.000000 0.000000 0.000000 0.000000
0.700000 1.000000 0.850000 0.615385 1.000000 0.402000 0.316667 0.380000 0.146667 0.000000 0.500000 0.466667 1.000000 0.000000 0.413333 0.675000
0.688889 0.000000 0.795000 0.413077 0.000000 0.506000 0.483333 0.450000 0.166667 0.122000 0.500000 0.600000 0.000000 0.000000 0.000000 0.000000
0.622222 1.000000 0.875000 0.600000 1.000000 0.430000 0.400000 0.500000 0.162500 0.158000 0.400000 0.533333 0.000000 0.000000 0.000000 0.000000
0.777778 0.000000 0.760000 0.415385 0.000000 0.558000 0.233333 0.380000 0.222500 0.000000 0.433333 0.600000 1.000000 0.000000 0.626667 0.475000
0.588889 1.000000 0.875000 0.584615 1.000000 0.374000 0.366667 0.420000 0.100833 0.000000 0.500000 0.600000 1.000000 0.000000 0.403333 0.275000
0.511111 1.000000 0.835000 0.553846 1.000000 0.370000 0.350000 0.460000 0.090833 0.142000 0.400000 0.533333 0.000000 0.000000 0.000000 0.000000
0.722222 0.000000 0.825000 0.500000 0.000000 0.540000 0.250000 0.410000 0.112500 0.000000 0.533333 0.600000 1.000000 0.000000 0.673333 0.337500
0.755556 1.000000 0.860000 0.538462 1.000000 0.450000 0.266667 0.360000 0.222500 0.000000 0.466667 0.600000 0.000000 0.000000 0.453333 0.566250
0.733333 1.000000 0.870000 0.596154 0.000000 0.558000 0.300000 0.310000 0.208333 0.227500 0.366667 0.466667 1.000000 0.000000 0.000000 0.000000
0.733333 1.000000 0.850000 0.546154 1.000000 0.492000 0.300000 0.450000 0.125833 0.000000 0.450000 0.500000 0.000000 0.000000 0.570000 0.275000
0.600000 0.000000 0.810000 0.564615 0.000000 0.400000 0.433333 0.390000 0.083333 0.142000 0.366667 0.466667 0.000000 0.000000 0.000000 0.000000
0.877778 0.000000 0.825000 0.600000 0.000000 0.364000 0.383333 0.420000 0.085833 0.000000 0.383333 0.533333 1.000000 0.000000 0.400000 0.685000
0.644444 1.000000 0.850000 0.515385 1.000000 0.340000 0.333333 0.340000 0.160000 0.000000 0.466667 0.566667 1.000000 0.000000 0.333333 0.412500
0.655556 1.000000 0.855000 0.615385 1.000000 0.406000 0.300000 0.370000 0.095000 0.000000 0.500000 0.533333 0.000000 0.000000 0.476667 0.562500
0.444444 1.000000 0.860000 0.623077 1.000000 0.616000 0.500000 0.340000 0.119167 0.116500 0.383333 0.533333 0.000000 1.000000 0.000000 0.000000
0.233333 0.000000 0.775000 0.515385 0.000000 0.320000 0.483333 0.500000 0.075000 0.122000 0.383333 0.533333 1.000000 0.000000 0.000000 0.000000
0.511111 1.000000 0.870000 0.673077 1.000000 0.576000 0.400000 0.340000 0.197500 0.158000 0.500000 0.600000 0.000000 0.000000 0.000000 0.000000
0.800000 1.000000 0.860000 0.592308 1.000000 0.470000 0.250000 0.350000 0.136667 0.000000 0.500000 0.600000 1.000000 0.000000 0.556667 0.512500
0.444444 1.000000 0.850000 0.661538 1.000000 0.532000 0.233333 0.380000 0.123333 0.000000 0.466667 0.566667 1.000000 0.000000 0.660000 0.325000
0.655556 0.000000 0.850000 0.484615 0.000000 0.368000 0.350000 0.390000 0.067500 0.000000 0.433333 0.566667 1.000000 0.000000 0.430000 0.275000
0.622222 1.000000 0.800000 0.615385 1.000000 0.350000 0.283333 0.300000 0.208333 0.000000 0.533333 0.666667 0.000000 1.000000 0.316667 0.375000
0.711111 1.000000 0.850000 0.576923 1.000000 0.246000 0.400000 0.290000 0.117500 0.000000 0.433333 0.533333 1.000000 0.000000 0.220000 0.390000
0.522222 1.000000 0.785000 0.446154 1.000000 0.624000 0.233333 0.530000 0.878333 0.307000 0.400000 0.533333 0.000000 1.000000 0.000000 0.000000
0.566667 1.000000 0.800000 0.446154 1.000000 0.546000 0.366667 0.590000 0.356667 0.000000 0.533333 0.633333 1.000000 0.000000 0.426667 0.312500
0.622222 0.000000 0.765000 0.603077 0.000000 0.402000 0.383333 0.530000 0.055833 0.101500 0.433333 0.600000 0.000000 0.000000 0.000000 0.000000
0.422222 1.000000 0.815000 0.476923 1.000000 0.352000 0.383333 0.400000 0.070000 0.000000 0.416667 0.500000 0.000000 0.000000 0.396667 0.525000
0.744444 0.000000 0.820000 0.538462 0.000000 0.238000 0.483333 0.340000 0.102500 0.000000 0.400000 0.533333 0.000000 0.000000 0.203333 0.535000
0.522222 0.000000 0.765000 0.561538 0.000000 0.342000 0.416667 0.420000 0.075000 0.000000 0.366667 0.466667 1.000000 0.000000 0.370000 0.412500
0.722222 1.000000 0.835000 0.515385 1.000000 0.412000 0.333333 0.420000 0.142500 0.000000 0.400000 0.466667 0.000000 0.000000 0.433333 0.375000
0.655556 1.000000 0.810000 0.424615 1.000000 0.818000 0.433333 0.410000 0.090000 0.142000 0.416667 0.566667 1.000000 0.000000 0.000000 0.000000
0.722222 1.000000 0.800000 0.530769 1.000000 0.586000 0.400000 0.470000 0.119167 0.158000 0.500000 0.600000 0.000000 0.000000 0.000000 0.000000
0.977778 0.000000 0.800000 0.376923 0.000000 0.470000 0.366667 0.530000 0.123333 0.000000 0.566667 0.533333 1.000000 0.000000 0.510000 0.650000
0.455556 1.000000 0.850000 0.653846 1.000000 0.336000 0.733333 0.610000 0.073333 0.065000 0.483333 0.600000 1.000000 0.000000 0.000000 0.000000
0.622222 0.000000 0.800000 0.453846 0.000000 0.716000 0.183333 0.390000 0.179167 0.000000 0.533333 0.553333 0.000000 0.000000 0.936667 0.312500
0.511111 1.000000 0.845000 0.530769 1.000000 0.370000 0.000000 0.450000 0.095000 0.102000 0.146667 0.733333 0.000000 0.000000 0.000000 0.000000
0.333333 0.000000 0.760000 0.323077 1.000000 0.284000 0.500000 0.630000 0.050833 0.128500 0.470000 0.573333 1.000000 0.000000 0.000000 0.000000
0.633333 0.000000 0.690000 0.353846 0.000000 0.376000 0.516667 0.590000 0.044167 0.104000 0.396667 0.553333 0.000000 0.000000 0.000000 0.000000
0.744444 0.000000 0.760000 0.376923 0.000000 0.386000 0.383333 0.580000 0.092500 0.169500 0.413333 0.546667 0.000000 0.000000 0.000000 0.000000
0.788889 1.000000 0.765000 0.492308 1.000000 0.394000 0.450000 0.460000 0.101667 0.118000 0.436667 0.540000 1.000000 0.000000 0.000000 0.000000
0.555556 1.000000 0.830000 0.761538 1.000000 0.480000 0.300000 0.430000 0.142500 0.000000 0.543333 0.640000 0.000000 0.000000 0.573333 0.302500
0.477778 0.000000 0.810000 0.469231 0.000000 0.552000 0.433333 0.510000 0.123333 0.167000 0.350000 0.426667 0.000000 0.000000 0.000000 0.000000
0.533333 0.000000 0.795000 0.400000 0.000000 0.378000 0.550000 0.470000 0.098333 0.091000 0.450000 0.486667 1.000000 0.000000 0.000000 0.000000
0.688889 0.000000 0.795000 0.515385 0.000000 0.498000 0.300000 0.560000 0.168333 0.000000 0.490000 0.540000 0.000000 0.000000 0.583333 0.348750
0.588889 1.000000 0.795000 0.561538 1.000000 0.428000 0.400000 0.540000 0.110000 0.128000 0.460000 0.580000 1.000000 0.000000 0.000000 0.000000
0.588889 1.000000 0.795000 0.407692 0.000000 0.310000 0.500000 0.450000 0.087500 0.127000 0.343333 0.493333 0.000000 0.000000 0.000000 0.000000
0.611111 0.000000 0.765000 0.538462 1.000000 0.412000 0.566667 0.380000 0.065000 0.083500 0.466667 0.553333 1.000000 0.000000 0.000000 0.000000
0.622222 0.000000 0.805000 0.530769 0.000000 0.490000 0.383333 0.540000 0.087500 0.000000 0.473333 0.560000 1.000000 0.000000 0.496667 0.295000
0.422222 1.000000 0.795000 0.453846 1.000000 0.542000 0.350000 0.360000 0.435000 0.171000 0.406667 0.573333 1.000000 0.000000 0.000000 0.000000
0.333333 1.000000 0.845000 0.553846 0.000000 0.328000 0.450000 0.410000 0.041667 0.109500 0.433333 0.580000 0.000000 0.000000 0.000000 0.000000
0.644444 0.000000 0.790000 0.361538 0.000000 0.304000 0.400000 0.380000 0.078333 0.135000 0.506667 0.580000 0.000000 0.000000 0.000000 0.000000
0.611111 1.000000 0.940000 0.507692 0.000000 0.484000 0.266667 0.380000 0.175833 0.000000 0.446667 0.553333 1.000000 0.000000 0.590000 0.257500
0.511111 0.000000 0.845000 0.538462 1.000000 0.418000 0.500000 0.580000 0.098333 0.121500 0.413333 0.493333 0.000000 0.000000 0.000000 0.000000
0.755556 1.000000 0.930000 0.615385 1.000000 0.492000 0.283333 0.380000 0.109167 0.000000 0.463333 0.553333 1.000000 0.000000 0.506667 0.600000
0.711111 0.000000 0.800000 0.323077 0.000000 0.414000 0.416667 0.450000 0.055000 0.000000 0.396667 0.466667 1.000000 0.000000 0.463333 0.308750
0.611111 0.000000 0.720000 0.400000 0.000000 0.346000 0.483333 0.510000 0.050000 0.121500 0.450000 0.540000 0.000000 0.000000 0.000000 0.000000
0.733333 1.000000 0.785000 0.592308 0.000000 0.472000 0.333333 0.520000 0.140833 0.000000 0.506667 0.600000 0.000000 0.000000 0.523333 0.210000
0.566667 1.000000 0.920000 0.761538 1.000000 0.488000 0.316667 0.520000 0.198333 0.211500 0.453333 0.593333 0.000000 0.000000 0.000000 0.000000
0.466667 1.000000 0.895000 0.523077 1.000000 0.442000 0.216667 0.370000 0.165000 0.000000 0.450000 0.573333 0.000000 0.000000 0.580000 0.630000
0.733333 1.000000 0.885000 0.500000 0.000000 0.254000 0.416667 0.330000 0.058333 0.000000 0.423333 0.666667 1.000000 0.000000 0.276667 0.612500
0.700000 1.000000 0.915000 0.738462 1.000000 0.478000 0.450000 0.450000 0.120833 0.110500 0.503333 0.560000 1.000000 1.000000 0.000000 0.000000
0.633333 1.000000 0.775000 0.569231 1.000000 0.338000 0.366667 0.350000 0.128333 0.000000 0.476667 0.540000 1.000000 0.000000 0.346667 0.276250
0.644444 1.000000 0.775000 0.538462 1.000000 0.372000 0.450000 0.600000 0.066667 0.097000 0.613333 0.746667 0.000000 0.000000 0.000000 0.000000
0.555556 0.000000 0.840000 0.492308 0.000000 0.412000 0.450000 0.540000 0.085000 0.104000 0.506667 0.533333 0.000000 0.000000 0.000000 0.000000
0.622222 0.000000 0.710000 0.476923 1.000000 0.394000 0.500000 0.490000 0.080833 0.112000 0.410000 0.533333 0.000000 0.000000 0.000000 0.000000
0.655556 1.000000 0.800000 0.515385 1.000000 0.438000 0.283333 0.410000 0.115833 0.000000 0.403333 0.526667 0.000000 0.000000 0.556667 0.455000
0.644444 1.000000 0.855000 0.538462 1.000000 0.432000 0.633333 0.470000 0.040000 0.080500 0.380000 0.466667 0.000000 0.000000 0.000000 0.000000
0.466667 0.000000 0.835000 0.676923 0.000000 0.454000 0.566667 0.440000 0.073333 0.091000 0.350000 0.500000 0.000000 0.000000 0.000000 0.000000
0.455556 1.000000 0.880000 0.592308 1.000000 0.378000 0.450000 0.520000 0.087500 0.123000 0.370000 0.446667 0.000000 0.000000 0.000000 0.000000
0.711111 0.000000 0.770000 0.515385 0.000000 0.476000 0.416667 0.290000 0.176667 0.165500 0.480000 0.620000 0.000000 0.000000 0.000000 0.000000
0.544444 1.000000 0.850000 0.500000 1.000000 0.366000 0.500000 0.320000 0.090000 0.127000 0.450000 0.606667 0.000000 0.000000 0.000000 0.000000
0.600000 1.000000 0.895000 0.761538 0.000000 0.462000 0.533333 0.430000 0.070000 0.106000 0.446667 0.546667 0.000000 0.000000 0.000000 0.000000
0.800000 1.000000 0.815000 0.600000 1.000000 0.442000 0.300000 0.440000 0.139167 0.000000 0.406667 0.633333 0.000000 0.000000 0.533333 0.465000
0.655556 1.000000 0.760000 0.515385 0.000000 0.526000 0.466667 0.420000 0.125000 0.136000 0.510000 0.680000 1.000000 1.000000 0.000000 0.000000
0.655556 1.000000 0.830000 0.653846 1.000000 0.510000 0.250000 0.370000 0.105000 0.000000 0.456667 0.620000 1.000000 0.000000 0.583333 0.573750
0.666667 0.000000 0.725000 0.584615 0.000000 0.422000 0.583333 0.610000 0.124167 0.107000 0.530000 0.646667 0.000000 0.000000 0.000000 0.000000
0.511111 0.000000 0.860000 0.507692 0.000000 0.432000 0.400000 0.450000 0.103333 0.000000 0.513333 0.633333 1.000000 0.000000 0.410000 0.506250
0.633333 0.000000 0.845000 0.800000 0.000000 0.378000 0.450000 0.490000 0.136667 0.144000 0.466667 0.540000 1.000000 0.000000 0.000000 0.000000
0.733333 0.000000 0.785000 0.500000 0.000000 0.526000 0.216667 0.370000 0.263333 0.000000 0.466667 0.720000 1.000000 0.000000 0.453333 0.310000
0.700000 1.000000 0.875000 0.623077 0.000000 0.432000 0.300000 0.390000 0.132500 0.000000 0.526667 0.626667 0.000000 0.000000 0.490000 0.538750
0.600000 0.000000 0.735000 0.538462 1.000000 0.552000 0.300000 0.310000 0.234167 0.216000 0.373333 0.580000 1.000000 0.000000 0.000000 0.000000
0.411111 1.000000 0.810000 0.623077 1.000000 0.504000 0.450000 0.290000 0.159167 0.121500 0.396667 0.580000 1.000000 0.000000 0.000000 0.000000
0.711111 0.000000 0.820000 0.546154 0.000000 0.416000 0.350000 0.500000 0.070000 0.000000 0.426667 0.560000 0.000000 0.000000 0.520000 0.477500
0.811111 1.000000 0.795000 0.576923 0.000000 0.350000 0.316667 0.370000 0.111667 0.000000 0.546667 0.580000 0.000000 0.000000 0.440000 0.408750
0.211111 1.000000 0.790000 0.515385 0.000000 0.294000 0.666667 0.490000 0.036667 0.079000 0.393333 0.573333 0.000000 0.000000 0.000000 0.000000
0.644444 0.000000 0.720000 0.500000 0.000000 0.462000 0.500000 0.460000 0.199167 0.111500 0.453333 0.580000 1.000000 0.000000 0.000000 0.000000
0.811111 1.000000 0.815000 0.546154 1.000000 0.364000 0.533333 0.590000 0.078333 0.000000 0.500000 0.446667 1.000000 0.000000 0.303333 0.455000
0.677778 0.000000 0.800000 0.407692 0.000000 0.350000 0.400000 0.400000 0.109167 0.139500 0.383333 0.426667 1.000000 0.000000 0.000000 0.000000
0.477778 1.000000 0.880000 0.661538 1.000000 0.608000 0.133333 0.380000 0.621667 0.526500 0.513333 0.646667 0.000000 0.000000 0.000000 0.000000
0.688889 1.000000 0.850000 0.592308 1.000000 0.496000 0.300000 0.380000 0.154167 0.000000 0.506667 0.546667 0.000000 0.000000 0.563333 0.503750
0.811111 0.000000 0.785000 0.446154 0.000000 0.448000 0.250000 0.350000 0.075833 0.000000 0.423333 0.433333 1.000000 0.000000 0.476667 0.702500
0.600000 1.000000 0.900000 0.715385 1.000000 0.406000 0.366667 0.470000 0.252500 0.000000 0.426667 0.540000 0.000000 0.000000 0.350000 0.480000
0.622222 0.000000 0.765000 0.546154 0.000000 0.488000 0.316667 0.330000 0.195000 0.177000 0.500000 0.473333 1.000000 0.000000 0.000000 0.000000
0.644444 0.000000 0.805000 0.392308 1.000000 0.368000 0.616667 0.600000 0.098333 0.090000 0.473333 0.553333 0.000000 0.000000 0.000000 0.000000
0.666667 1.000000 0.910000 0.476923 1.000000 0.300000 0.500000 0.340000 0.135833 0.113500 0.333333 0.413333 1.000000 0.000000 0.000000 0.000000
0.688889 0.000000 0.740000 0.492308 0.000000 0.362000 0.433333 0.510000 0.075000 0.126500 0.396667 0.506667 1.000000 0.000000 0.000000 0.000000
0.566667 0.000000 0.785000 0.476923 0.000000 0.452000 0.333333 0.610000 0.087500 0.162500 0.466667 0.520000 1.000000 0.000000 0.000000 0.000000
0.722222 0.000000 0.780000 0.484615 0.000000 0.244000 0.683333 0.430000 0.229167 0.000000 0.380000 0.420000 1.000000 0.000000 0.053333 0.583750
0.511111 1.000000 0.980000 0.653846 1.000000 0.414000 0.616667 0.460000 0.057500 0.089500 0.470000 0.580000 0.000000 0.000000 0.000000 0.000000
0.322222 0.000000 0.715000 0.507692 0.000000 0.438000 0.416667 0.460000 0.125833 0.136000 0.450000 0.540000 1.000000 0.000000 0.000000 0.000000
0.322222 0.000000 0.845000 0.553846 1.000000 0.288000 0.516667 0.530000 0.102500 0.094500 0.426667 0.493333 0.000000 0.000000 0.000000 0.000000
0.488889 1.000000 0.885000 0.653846 1.000000 0.552000 0.566667 0.430000 0.102500 0.112500 0.386667 0.593333 0.000000 0.000000 0.000000 0.000000
0.477778 0.000000 0.785000 0.415385 0.000000 0.388000 0.750000 0.680000 0.040000 0.061000 0.410000 0.520000 1.000000 0.000000 0.000000 0.000000
0.577778 1.000000 0.875000 0.530769 1.000000 0.572000 0.266667 0.410000 0.122500 0.000000 0.460000 0.600000 1.000000 0.000000 0.656667 0.425000
